503 448 448 16
1005 889 441 3
1508 1319 430 4
2011 1758 439 17
2507 2192 434 1
3003 2633 441 33
3499 3081 448 10
3995 3528 447 15
4490 3965 437 4
4985 4401 436 1
5459 4821 420 15
5925 5232 411 6
6392 5641 409 8
6852 6042 401 2
7317 6448 406 8
7787 6841 393 4
8266 7242 401 13
8745 7656 414 28
9224 8070 414 8
9709 8507 437 34
10199 8949 442 5
10689 9386 437 3
11179 9829 443 21
11657 10275 446 24
12135 10719 444 15
12615 11163 444 14
13095 11601 438 9
13575 12033 432 12
14058 12481 448 26
14522 12911 430 2
14980 13334 423 5
15438 13758 424 16
15908 14193 435 11
16386 14644 451 25
16822 15058 414 6
17243 15450 392 12
17688 15869 419 31
18133 16286 417 1
18587 16713 427 13
19037 17143 430 23
19482 17566 423 8
19941 18000 434 19
20431 18464 464 34
20916 18911 447 14
21403 19355 444 3
21893 19826 471 28
22378 20277 451 8
22839 20698 421 7
23303 21128 430 25
23788 21573 445 20
24278 22038 465 21
24768 22486 448 4
25258 22918 432 4
25745 23372 454 28
26231 23819 447 23
26694 24240 421 2
27170 24677 437 18
27653 25113 436 25
28134 25544 431 26
28615 25978 434 11
29096 26405 427 21
29577 30053 26818 413 9
30534 27238 420 26
30997 27646 408 13
31443 28037 391 17
31889 28413 376 8
32334 28786 373 9
32757 29148 362 17
33174 29510 362 17
33565 29852 342 4
33956 34347 30175 323 10
34735 30500 325 16
35113 30805 305 5
35475 31079 274 3
35843 31361 282 8
36211 31630 269 8
36579 31908 278 12
36945 32195 287 30
37314 32486 291 9
37683 32777 291 2
38052 33070 293 6
38421 33357 287 2
38790 33646 289 6
39113 33919 273 7
39423 39715 34157 238 8
40012 34407 250 25
40316 34668 261 21
40623 34930 262 5
40930 41237 35186 256 3
41534 35425 239 13
41836 35674 249 13
42130 35914 240 7
42420 36144 230 3
42709 36368 224 1
43002 36606 238 16
43303 36852 246 17
43605 37112 260 20
43921 37384 272 12
44237 37658 274 14
44553 37931 273 7
44869 38206 275 28
45185 38476 270 12
45505 38770 294 32
45827 39073 303 20
46161 39390 317 17
46525 39734 344 27
46895 40080 346 19
47273 40437 357 11
47651 40788 351 1
48028 41132 344 6
48405 41474 342 4
48782 41816 342 2
49172 42182 366 25
49564 42556 374 8
49959 42935 379 21
50375 43335 400 30
50798 43736 401 33
51231 44143 407 14
51681 44566 423 29
52141 44998 432 10
52584 45407 409 2
53026 45814 407 3
53478 46225 411 15
53930 46630 405 8
54384 47050 420 22
54845 47483 433 15
55305 47909 426 13
55762 48327 418 1
56220 48747 420 4
56681 49155 408 7
57142 49568 413 8
57603 49983 415 5
58054 50392 409 6
58505 50802 410 13
58956 51213 411 6
59408 51627 414 11
59869 52056 429 16
60317 52467 411 11
60761 52865 398 8
61206 53257 392 2
61639 53634 377 18
62052 53992 358 11
62464 54343 351 6
62882 54713 370 27
63295 55071 358 9
63708 55426 355 12
64125 55769 343 15
64536 56100 331 8
64947 56411 311 8
411 315 315 10
819 629 314 5
1215 946 317 20
1601 1254 308 1
1989 1568 314 8
2353 1868 300 1
2729 2185 317 24
3105 2511 326 13
3476 2838 327 17
3847 3166 328 7
4221 3498 332 29
4585 3849 351 27
4938 4190 341 4
5291 4519 329 8
5660 4868 349 21
6028 5205 337 10
6395 5543 338 12
6765 5897 354 20
7156 6277 380 30
7547 6656 379 10
7937 7024 368 16
8325 7385 361 6
8711 7731 346 3
9101 8100 369 28
9495 8482 382 29
9910 8890 408 33
10333 9302 412 15
10777 9737 435 31
11229 10178 441 19
11681 10619 441 12
12134 11062 443 8
12587 11506 444 9
13043 11959 453 21
13496 12398 439 19
13956 12841 443 21
14425 13300 459 24
14894 13750 450 6
15363 14205 455 14
15832 14663 458 11
16301 15125 462 14
16770 15573 448 14
17239 16005 432 3
17688 16415 410 8
18144 16840 425 16
18595 17260 420 19
19058 17694 434 33
19521 18113 419 5
19968 18533 420 28
20407 18938 405 18
20846 21269 19330 392 19
21711 19744 414 31
22171 20179 435 27
22619 20617 438 27
23063 21050 433 14
23517 21492 442 17
23971 21926 434 6
24438 22386 460 36
24898 22834 448 16
25365 23289 455 28
25831 23737 448 17
26296 24165 428 1
26761 24586 421 1
27221 24999 413 10
27677 25415 416 19
28113 25808 393 8
28545 26199 391 27
28977 26587 388 5
29409 26974 387 26
29841 27348 374 4
30273 27730 382 20
30707 28121 391 12
31141 28509 388 12
31575 28893 384 22
31998 29272 379 16
32421 29649 377 12
32839 30010 361 15
33261 30379 369 8
33681 30736 357 7
34103 31105 369 13
34507 31456 351 9
34914 31821 365 18
35322 32190 369 11
35730 32559 369 8
36138 32920 361 1
36546 33276 356 1
36933 33630 354 29
37320 33986 356 17
37683 34324 338 10
38029 34639 315 4
38375 34950 311 2
38713 35237 287 5
39049 35512 275 2
39367 35777 265 9
39683 36038 261 12
39999 36305 267 8
40319 36591 286 23
40629 40943 36860 269 6
41251 37123 263 11
41562 37398 275 17
41872 37665 267 5
42152 37899 234 8
42432 38144 245 11
42711 38404 260 27
42993 38671 267 17
43282 38953 282 21
43574 39235 282 18
43863 39506 271 1
44152 39771 265 2
44444 40035 264 16
44736 40317 282 23
45059 40627 310 37
45382 40944 317 7
45706 41262 318 17
46040 41590 328 12
46374 41911 321 3
46715 42247 336 27
47057 42583 336 11
47398 42915 332 13
47739 43247 332 11
48080 43578 331 11
48421 43914 336 6
48762 44243 329 9
49123 44597 354 26
49483 44941 344 3
49844 45265 324 17
50205 45588 323 26
50566 45911 323 8
50927 46252 341 29
51288 46595 343 10
51649 46941 346 10
52021 47302 361 15
52407 47673 371 15
52803 48053 380 11
53199 48432 379 10
53595 48809 377 21
53989 49166 357 6
54376 49505 339 5
54767 49851 346 17
388 341 341 4
774 688 347 27
1160 1031 343 2
1542 1358 327 1
1911 1680 322 13
2265 1983 303 8
2609 2271 288 2
2940 2551 280 7
3276 2836 285 32
3614 3130 294 13
3958 3442 312 21
4290 3728 286 6
4623 4016 288 10
4957 4314 298 23
5297 4618 304 9
5640 4924 306 19
5999 5253 329 30
6358 5578 325 7
6718 5906 328 5
7081 6238 332 16
7448 6588 350 28
7809 6933 345 2
8171 7285 352 18
8533 7640 355 29
8908 8003 363 16
9291 8373 370 17
9674 10079 8766 393 29
10509 9186 420 32
10939 9587 401 2
11368 9985 398 12
11787 10373 388 1
12205 10756 383 12
12623 11137 381 4
13042 11521 384 5
13461 11917 396 13
13880 12296 379 12
14297 12669 373 15
14714 13038 369 6
15126 13402 364 4
15544 13763 361 13
15962 14124 361 2
16364 14467 343 12
16774 14816 349 8
17170 15160 344 24
17566 15508 348 6
17960 15841 333 8
18334 16149 308 4
18708 16463 314 18
19080 16763 300 5
19452 17072 309 9
19818 17380 308 16
20176 17678 298 8
20538 17988 310 18
20900 18298 310 6
21261 18602 304 7
21623 18918 316 25
21985 19251 333 30
22349 19592 341 12
22720 19940 348 14
23091 20289 349 6
23450 20617 328 3
23809 20941 324 4
24168 21262 321 4
24513 21568 306 1
24858 21880 312 10
25165 22161 281 1
25472 22436 275 9
25779 22729 293 28
26086 23013 284 16
26393 23294 281 6
26700 23564 270 17
27006 23831 267 9
27316 24110 279 20
27627 24391 281 6
27940 24672 281 12
28251 24946 274 9
28564 25227 281 13
28877 25499 272 3
29196 25786 287 24
29512 26070 284 27
29831 26359 289 13
30154 26652 293 10
30482 26949 297 8
30827 27258 309 17
31172 27577 319 11
31517 27900 323 16
31858 28216 316 1
32209 28538 322 24
32562 28865 327 21
32930 29204 339 15
33293 29517 313 1
33654 29818 301 1
34013 30126 308 25
34367 30432 306 15
34715 30739 307 16
35062 31031 292 1
35395 31331 300 25
35728 31635 304 8
36055 31931 296 8
36377 32220 289 13
36706 32518 298 10
37039 32832 314 28
37372 33143 311 3
37705 33456 313 5
38033 33763 307 7
38350 34058 295 2
38667 34360 302 16
38984 34651 291 17
39301 34940 289 4
39633 35262 322 34
39970 35587 325 12
40324 35934 347 26
40678 36270 336 7
41035 36618 348 12
41388 36965 347 11
41746 37319 354 14
42112 37681 362 18
42475 38025 344 7
42841 38376 351 19
43216 38751 375 25
43582 39114 363 13
43948 44314 39456 342 7
44680 39797 341 7
45046 40143 346 7
45412 40492 349 14
45777 40842 350 22
46140 41183 341 2
46510 41549 366 33
46880 41907 358 16
47255 42274 367 10
47626 42630 356 3
47989 42976 346 24
48352 43311 335 3
48707 43632 321 10
49059 43944 312 10
49411 44261 317 12
49766 44597 336 22
50121 44920 323 12
348 300 300 1
690 607 307 17
1032 915 308 2
1374 1221 306 8
1718 1531 310 14
2063 1843 312 4
2396 2133 290 6
2731 2435 302 15
3066 2723 288 2
3400 2996 273 2
3734 3267 271 6
4045 3544 277 32
4356 3810 266 1
4667 4083 273 14
4978 4361 278 7
5283 4636 275 13
5600 4929 293 21
5918 5223 294 7
6233 5509 286 10
6548 5783 274 10
6863 6058 275 3
7178 6336 278 10
7468 6614 278 33
7760 6889 275 10
8056 7169 280 11
8352 8655 7460 291 18
8960 7752 292 13
9275 8052 300 15
9606 8370 318 25
9954 8702 332 16
10318 9047 345 17
10669 9381 334 14
11020 9701 320 8
11370 10033 332 23
11730 10384 351 29
12095 10732 348 14
12459 11076 344 10
12824 11426 350 7
13187 11769 343 3
13549 13910 12068 299 2
14269 12360 292 8
14624 12658 298 14
14979 12979 321 33
15334 13311 332 14
15687 13645 334 20
16040 13978 333 2
16396 14315 337 5
16747 14646 331 15
17106 14990 344 23
17465 15328 338 1
17824 15662 334 10
18178 15984 322 2
18530 16322 338 31
18886 16666 344 16
19259 17027 361 31
19638 17396 369 23
20002 17741 345 5
20367 18082 341 19
20731 18421 339 8
21095 18752 331 6
21459 19084 332 1
21823 19424 340 10
22187 19757 333 1
22550 20084 327 7
22912 20409 325 31
23273 20731 322 4
23634 21061 330 10
23992 21382 321 11
24352 21715 333 14
24699 22040 325 25
25049 22375 335 10
25399 22709 334 7
25735 23037 328 10
26071 23351 314 17
26413 23690 339 30
26776 24046 356 34
27146 24408 362 16
27519 24774 366 14
27892 25135 361 9
28262 25482 347 2
28628 25823 341 25
28994 26166 343 12
29358 26497 331 13
29724 26846 349 19
30094 27199 353 6
30467 27557 358 11
30837 27900 343 4
31207 28235 335 9
31553 28548 313 9
31890 28868 320 30
32239 29209 341 22
32585 32917 29527 318 16
33249 29834 307 8
33581 30136 302 4
33913 30449 313 21
34251 30775 326 27
34587 31092 317 21
34921 31405 313 6
35263 31724 319 17
35605 32051 327 9
35934 32361 310 6
36274 32690 329 23
36614 36956 33019 329 7
37314 33370 351 28
37681 33728 358 11
38045 34082 354 2
38428 34453 371 26
38809 34821 368 13
39188 35183 362 1
39566 35545 362 16
39936 35903 358 18
40311 36269 366 12
40686 36619 350 9
41062 36984 365 22
41430 37333 349 11
41798 37682 349 6
42167 38033 351 11
42536 38372 339 1
42905 38694 322 13
43274 39007 313 8
43642 39340 333 31
44005 39665 325 13
44368 39962 297 3
44726 40267 305 20
45083 40560 293 1
45440 40862 302 21
45797 41170 308 14
46154 41465 295 8
46511 41760 295 8
46859 47207 42055 295 20
47556 42369 314 30
47905 42684 315 2
48254 42997 313 7
48608 43321 324 13
48959 43632 311 1
49298 43931 299 4
