Insert ARRIVAL event in providerSet 0 at ts 0
193
215
149
147
234
101
255
214
168
245
239
241
124
217
199
171
116
154
143
189
130
201
135
133
195
166
136
196
149
179
161
191
207
175
186
200
172
306
175
162
194
139
246
218
158
122
205
178
163
150
175
128
233
186
162
136
151
228
70
228
208
165
139
191
139
157
181
108
175
161
150
171
169
168
146
152
227
157
238
137
139
248
284
115
147
111
200
257
190
178
330
234
214
232
287
150
172
280
255
238
305
212
205
189
284
249
273
278
237
203
240
180
232
194
207
191
229
127
230
174
219
193
253
198
183
220
220
180
323
200
205
206
348
272
236
192
298
362
216
251
295
268
268
232
278
305
335
200
287
244
263
166
248
255
281
149
200
268
247
185
223
218
236
268
249
213
292
367
243
190
349
267
228
295
185
196
254
254
253
203
216
362
342
230
224
310
322
355
378
324
391
372
342
393
341
295
307
352
326
408
238
334
332
308
348
338
319
386
511
275
298
385
306
333
349
418
467
407
383
340
322
390
378
333
429
417
366
386
379
539
440
405
327
331
389
372
422
421
544
402
426
396
348
557
392
402
626
511
467
450
526
365
428
409
462
427
547
438
494
390
512
455
500
456
476
564
462
499
634
479
510
459
562
425
554
478
523
493
491
458
438
393
588
559
520
510
497
619
539
636
432
557
663
628
546
538
428
541
502
529
561
529
585
583
569
474
546
543
500
586
574
546
664
583
571
656
566
591
571
527
590
589
727
712
655
621
564
627
588
611
620
730
543
622
662
735
649
619
694
559
648
748
674
651
646
714
746
698
632
621
694
672
779
603
641
729
625
671
709
703
698
789
702
737
701
677
701
723
738
830
679
736
800
761
849
800
722
712
774
818
843
735
659
774
798
693
841
790
736
815
783
803
727
773
828
871
768
753
870
827
855
848
838
909
916
889
793
843
829
851
847
773
829
746
851
871
891
909
843
907
945
968
820
794
887
893
841
907
860
839
1000
796
875
973
1013
855
888
998
933
945
1052
913
980
999
1159
947
879
902
825
962
888
917
929
930
845
977
1047
928
987
1018
889
967
1042
1089
1023
974
933
928
1037
984
1021
897
1071
995
999
974
1058
974
1085
925
1087
956
967
1084
1022
1106
1042
1118
1038
1054
1015
1065
1167
981
950
1059
1007
1070
1065
1008
1092
1114
1159
1104
1061
1102
1001
1104
1228
1192
1092
1118
1030
1064
1090
1237
1264
1099
1098
1149
1186
1077
1122
1157
1071
1034
1083
1091
1146
1160
1151
1230
1136
1163
1335
1079
1201
1026
1156
1191
1134
1170
1247
1277
1212
1158
1232
1254
1199
1212
1195
1183
1130
1136
1186
1170
1214
1203
1149
1240
1216
1208
1184
1349
1138
1148
1180
1119
1232
1122
1157
1283
1209
1204
1201
1213
1295
1304
1276
1206
1266
1340
1241
1256
1318
1220
1246
1159
1201
1219
1134
1145
1276
1321
1405
1215
1190
1158
1166
1272
1334
1233
1204
1250
1223
1248
1232
1308
1245
1284
1181
1196
1199
1270
1252
1240
1295
1336
1196
1371
1371
1216
1208
1327
1504
1214
1283
1374
1256
1370
1373
1329
1304
1259
1258
1366
1283
1289
1346
1458
1383
1267
1393
1260
1362
1318
1257
1228
1295
1245
1269
1290
1310
1374
1329
1328
1341
1372
1466
1238
1263
1290
1277
1292
1315
1373
1404
1219
1223
1346
1257
1461
1371
1346
1302
1260
1302
1284
1310
1239
1338
1310
1211
1382
1461
1361
1231
1249
1389
1235
1253
1361
1360
1259
1223
1348
1331
1253
1220
1285
1298
1301
1319
1349
1270
1423
1533
1312
1381
1306
1389
1346
1332
1215
1337
1325
1290
1334
1242
1272
1358
1373
1291
1267
1299
1263
1291
1299
1330
1357
1292
1193
1296
1373
1210
1291
1300
1245
1268
1261
1347
1371
1349
1232
1285
1331
1275
1217
1377
1302
1442
1403
1407
1355
1336
1352
1299
1345
1254
1356
1271
1295
1254
1309
1266
1381
1375
1282
1333
1277
1207
1200
1349
1325
1264
1386
1232
1374
1280
1205
1463
1257
1321
1303
1387
1331
1365
1410
1285
1265
1383
1276
1356
1298
1307
1316
1224
1332
1335
1241
1468
1335
1194
1209
1441
1262
1358
1238
1267
1278
1387
1324
1260
1286
1239
1211
1330
1245
1234
1359
1209
1302
1243
1211
1298
1186
1300
1198
1440
1223
1204
1171
1213
1291
1174
1159
1297
1197
1216
1333
1161
1240
1193
1198
1224
1235
1243
1291
1298
1167
1346
1255
1237
1180
1217
1191
1206
1160
1211
1330
1213
1083
1078
1100
1339
1213
1135
1100
1174
1179
1246
1058
1191
1198
1174
1169
1166
1233
1283
1071
1167
1283
1248
1289
1117
1148
1219
1131
1088
1110
1196
1177
1256
1240
1070
1073
1179
1043
1237
1163
1087
1242
1177
1174
1090
1144
1075
1129
1116
1116
1047
1128
1203
1020
1017
1107
1026
1172
1055
1096
1058
1064
1097
983
1213
1117
1048
1057
1011
1001
1103
1107
1126
973
1152
1040
1028
1062
917
974
1036
1029
924
966
1006
1029
1026
1028
1019
992
967
992
950
891
995
1024
1164
1010
1065
1033
1096
1059
976
1033
980
925
1042
909
1010
1050
916
1021
905
870
989
1007
992
945
913
918
842
934
953
997
974
879
923
866
848
913
929
912
903
889
961
951
898
863
981
901
956
797
941
899
929
845
855
865
765
878
848
862
870
771
835
798
812
821
813
1052
850
869
792
787
811
786
884
843
936
780
713
747
831
804
760
780
731
807
796
713
878
711
756
701
719
775
840
797
679
782
751
637
733
743
869
725
673
721
756
760
763
733
589
787
760
710
789
691
690
668
734
676
773
633
598
614
701
758
547
867
630
616
585
691
665
774
713
719
631
659
603
634
617
591
505
540
570
531
501
649
617
696
595
540
561
591
638
534
539
568
581
673
555
540
517
536
544
501
586
537
545
606
548
461
410
591
560
569
518
502
531
497
477
634
493
561
457
534
431
584
526
527
625
506
448
598
501
573
533
504
498
453
536
403
484
470
374
464
443
404
499
423
418
469
486
414
445
463
519
509
512
569
502
429
460
515
407
485
354
437
389
382
380
387
515
360
336
317
426
494
457
352
382
394
411
361
405
382
372
407
360
379
417
356
399
356
309
399
300
306
303
267
380
265
333
291
350
344
505
429
298
335
301
323
423
343
384
375
359
305
347
205
283
274
278
432
343
339
252
226
333
332
321
236
259
217
251
309
323
232
212
300
275
332
289
238
256
356
232
314
219
193
212
273
220
248
337
257
252
298
254
226
259
391
424
195
265
341
247
337
242
198
258
249
352
337
175
330
252
366
288
251
140
254
315
214
163
230
188
220
315
275
183
220
222
204
303
268
140
175
146
169
213
254
176
246
325
332
235
328
211
199
440
185
200
221
249
155
183
211
299
172
182
134
143
137
100
143
182
235
168
197
258
222
101
162
236
137
126
296
201
127
149
274
196
178
164
186
245
260
135
164
185
230
172
199
301
173
195
93
169
218
126
133
226
153
177
146
214
159
204
168
168
187
161
144
185
176
192
131
213
137
183
193
145
229
177
241
161
206
263
162
183
135
143
162
109
228
161
105
153
148
180
212
144
174
253
182
247
255
150
130
296
201
212
179
267
314
274
159
134
123
194
177
145
181
156
104
91
138
173
275
216
200
137
245
288
157
259
326
192
150
173
243
194
170
235
234
205
260
167
229
241
143
277
132
147
177
395
163
191
240
154
163
223
243
233
169
138
308
297
208
121
290
388
163
196
203
277
237
264
148
131
228
194
128
192
236
193
164
214
214
206
211
149
187
173
192
214
209
235
143
175
155
169
106
151
268
211
223
200
243
157
148
261
241
294
248
262
191
250
275
190
299
215
187
238
175
365
202
200
263
184
251
249
189
255
260
152
316
256
260
297
220
195
158
365
217
215
308
476
349
180
193
330
160
313
321
208
338
309
299
204
259
207
279
328
219
296
209
300
399
284
320
403
193
286
324
586
315
404
251
355
385
314
309
305
304
295
337
272
284
264
317
324
245
326
259
323
274
244
306
403
267
346
280
324
289
382
419
369
375
304
479
296
422
441
294
447
519
317
433
367
336
387
393
369
285
340
343
363
454
280
407
501
504
307
445
440
405
358
425
505
323
371
430
476
464
347
377
402
460
482
455
524
505
401
489
554
545
465
451
610
505
416
511
439
390
500
542
473
424
656
561
620
578
574
557
567
619
533
465
423
552
456
562
506
535
616
581
613
552
535
665
636
483
610
545
588
686
564
457
500
564
594
575
536
499
588
557
667
571
712
605
614
634
570
541
526
649
516
560
596
577
577
606
749
595
570
682
804
604
660
584
714
693
707
589
660
590
687
682
649
697
608
810
603
731
705
693
643
848
629
678
819
737
709
719
747
732
764
731
793
720
853
797
747
828
895
770
774
797
714
786
967
826
761
840
673
766
863
912
793
794
822
804
810
836
896
954
894
830
805
849
754
796
822
820
901
934
963
925
904
926
803
895
895
923
833
906
943
949
1007
886
904
1023
992
1050
980
985
885
984
903
872
913
966
1171
1036
908
904
964
1182
1055
1016
902
1143
1030
1037
997
962
1009
964
925
953
1032
1006
932
1072
947
1075
1121
969
987
1100
970
1113
1189
1088
1079
1073
1116
963
1066
996
1167
1003
1037
1038
989
1049
1065
1181
1209
1080
1074
1149
1292
947
1145
1133
1052
1188
1181
1131
1194
1383
1098
1173
1157
1124
1168
1141
1138
1190
1238
1248
1212
1211
1198
1157
1152
1350
1141
1203
1205
1276
1205
1323
1222
1167
1120
1248
1271
1284
1381
1319
1269
1253
1184
1311
1215
1146
1332
1143
1300
1214
1242
1203
1191
1169
1356
1190
1344
1227
1224
1218
1256
1213
1315
1182
1381
1362
1321
1283
1311
1359
1191
1357
1200
1200
1359
1373
1458
1387
1272
1319
1394
1369
1479
1398
1306
1382
1359
1404
1373
1441
1325
1305
1311
1491
1369
1458
1384
1393
1423
1286
1340
1303
1307
1371
1353
1289
1551
1396
1478
1459
1341
1479
1458
1457
1426
1428
1422
1416
1450
1507
1336
1323
1469
1439
1456
1458
1451
1479
1479
1394
1514
1500
1590
1305
1346
1407
1490
1461
1646
1614
1566
1525
1454
1353
1385
1543
1360
1448
1613
1512
1452
1396
1457
1469
1473
1524
1557
1434
1420
1446
1574
1511
1517
1406
1568
1469
1552
1489
1436
1581
1622
1548
1548
1536
1453
1423
1619
1548
1587
1546
1517
1523
1534
1712
1612
1508
1409
1565
1472
1567
1469
1542
1575
1600
1537
1583
1525
1477
1388
1600
1504
1502
1571
1576
1701
1444
1700
1612
1614
1502
1553
1603
1474
1569
1616
1513
1537
1493
1630
1584
1641
1550
1534
1585
1487
1557
1495
1428
1500
1512
1485
1471
1545
1528
1596
1598
1453
1569
1482
1553
1513
1598
1546
1573
1641
1542
1535
1599
1425
1439
1395
1587
1519
1716
1697
1635
1330
1534
1718
1485
1516
1563
1508
1420
1613
1521
1494
1488
1575
1535
1568
1522
1707
1569
1603
1510
1502
1507
1510
1502
1471
1561
1687
1617
1605
1604
1576
1361
1531
1591
1560
1552
1549
1566
1559
1607
1580
1480
1531
1554
1473
1474
1475
1524
1563
1445
1578
1614
1563
1417
1494
1458
1540
1566
1521
1588
1572
1480
1461
1510
1590
1546
1508
1431
1686
1680
1512
1662
1476
1537
1503
1479
1564
1516
1534
1474
1527
1577
1643
1619
1547
1593
1510
1628
1518
1596
1540
1435
1505
1535
1639
1468
1507
1529
1574
1602
1495
1583
1471
1487
1398
1435
1431
1469
1522
1451
1446
1516
1475
1377
1526
1432
1493
1505
1541
1528
1416
1463
1424
1335
1444
1347
1529
1549
1485
1459
1573
1449
1572
1412
1450
1529
1696
1494
1379
1511
1373
1423
1346
1462
1602
1483
1433
1439
1542
1458
1460
1370
1361
1303
1466
1382
1474
1482
1371
1320
1345
1465
1439
1383
1385
1420
1398
1514
1405
1419
1431
1404
1317
1396
1459
1361
1321
1434
1377
1377
1338
1246
1363
1410
1404
1401
1283
1394
1263
1387
1465
1381
1335
1492
1277
1290
1211
1273
1248
1267
1323
1343
1216
1250
1251
1264
1226
1377
1344
1385
1154
1318
1289
1221
1281
1398
1151
1190
1260
1205
1279
1367
1321
1292
1251
1197
1264
1232
1239
1175
1293
1246
1274
1203
1108
1200
1424
1195
1259
1248
1313
1263
1291
1179
1091
1290
1101
1329
1213
1114
1216
1283
1332
1260
1065
1071
1148
1217
1187
1127
1217
1163
1072
977
1101
1047
1124
1238
1116
1142
1130
1113
1189
1071
1112
1198
1133
1089
1189
1110
1064
1052
1071
1028
1178
1000
1202
1079
1022
1088
1118
1142
1146
1141
1110
990
1076
977
948
999
1007
1028
972
1109
1208
1074
914
1011
976
1003
989
881
961
989
1059
1075
948
993
907
985
1053
968
947
949
945
944
1000
936
898
938
875
859
1081
929
958
870
870
894
917
895
816
963
991
961
800
886
881
869
902
886
849
823
983
826
776
911
787
954
1030
932
845
803
774
909
889
902
817
856
757
862
843
738
714
812
686
711
712
785
730
785
810
810
779
823
805
743
763
746
670
724
676
676
861
806
710
733
768
742
774
656
768
808
683
734
736
713
669
643
701
810
554
658
619
725
589
646
719
738
666
689
571
772
749
663
591
546
579
669
625
616
672
456
574
555
691
599
577
704
648
620
540
599
534
581
477
568
591
493
601
565
598
570
539
514
642
472
475
544
487
594
574
462
508
477
597
456
416
467
495
457
556
450
518
504
454
618
456
393
538
439
360
445
422
388
505
412
334
452
370
403
625
429
534
511
472
383
488
374
508
393
485
432
401
418
536
560
404
345
409
316
515
488
353
430
365
306
417
427
352
344
441
351
352
265
329
356
283
284
388
427
338
351
446
391
324
396
405
339
387
439
390
342
486
382
408
256
401
304
410
309
375
306
337
309
315
299
249
424
271
459
472
405
291
326
232
310
294
266
310
161
301
203
271
323
254
300
365
263
437
308
284
297
280
352
398
291
208
273
551
397
241
257
269
283
293
302
351
269
372
331
264
173
203
216
319
189
229
209
182
230
230
269
158
285
266
214
241
301
390
208
231
175
328
232
202
277
201
211
159
235
228
251
218
221
234
179
207
163
157
174
165
143
92
210
204
257
147
287
186
237
159
205
181
184
193
181
192
159
155
251
210
132
191
220
250
250
310
118
246
157
189
312
220
161
118
141
279
187
136
133
259
237
253
135
244
164
229
279
197
307
223
206
228
167
107
229
194
279
202
173
262
209
232
222
144
115
274
210
244
178
210
159
241
166
239
227
167
170
133
263
130
200
139
195
219
170
188
299
194
215
226
246
198
123
281
221
102
109
154
108
185
82
118
208
133
212
103
116
134
90
147
136
202
193
155
167
136
193
164
206
153
136
142
156
130
99
176
126
108
177
203
125
220
200
172
201
247
101
192
124
155
166
172
212
90
110
129
162
178
143
147
114
125
83
155
164
121
131
119
178
140
157
98
139
100
120
142
114
90
148
173
170
140
194
194
111
106
144
104
170
94
119
137
115
209
150
166
130
230
142
165
99
134
93
128
235
197
167
220
137
186
180
141
211
168
148
179
247
252
178
126
139
171
300
140
172
170
188
163
208
122
172
175
197
144
194
252
148
142
194
209
145
277
203
167
172
234
106
155
162
143
221
194
188
224
192
185
210
168
204
255
263
221
266
206
235
163
243
236
196
195
276
238
331
170
269
255
192
188
212
194
222
264
262
223
220
184
248
227
244
210
236
298
278
226
219
269
220
266
315
233
281
233
228
314
239
241
315
266
260
363
309
257
263
308
270
273
220
282
197
276
307
253
249
321
364
339
331
298
354
307
329
267
309
283
355
298
314
326
348
330
308
364
410
312
351
338
301
335
281
306
349
307
267
387
449
360
330
389
310
381
348
317
355
369
366
478
420
312
389
353
376
411
340
375
297
335
355
359
356
331
405
388
365
401
452
422
453
402
422
617
396
328
364
468
416
415
389
487
481
341
450
434
464
481
409
474
409
505
483
489
532
534
501
449
446
577
530
560
430
454
443
466
460
522
468
479
436
467
519
455
493
410
474
476
512
560
551
492
550
508
499
566
498
573
497
536
600
508
621
530
511
488
559
524
590
580
412
522
571
557
589
612
612
605
540
520
575
575
566
713
628
690
619
498
528
574
504
640
610
524
560
563
578
647
714
640
645
579
706
648
594
635
594
576
675
645
653
668
645
686
685
659
592
637
663
641
630
570
692
672
725
696
596
736
729
788
696
669
766
718
675
773
667
809
698
733
700
647
743
785
701
698
677
701
750
688
809
786
792
734
827
704
767
750
782
796
787
711
754
775
741
660
726
798
724
789
767
727
833
845
817
701
693
872
785
778
869
824
855
932
807
762
839
788
836
821
813
846
857
813
872
780
742
814
890
780
809
811
773
767
805
897
824
865
815
948
1020
829
847
941
922
947
875
921
878
899
948
854
903
823
812
852
851
951
904
806
868
850
932
967
964
877
934
881
867
882
972
863
1016
1004
1010
959
814
864
870
992
916
978
886
980
932
948
935
940
873
871
1012
993
970
965
835
961
988
936
1025
867
953
972
906
962
994
942
915
1016
1045
992
1051
1005
988
1023
976
991
1017
990
1054
1038
952
1131
929
1016
1021
1090
981
936
986
976
995
990
948
980
1063
1002
1011
1031
1053
981
1019
1063
1036
1035
935
999
954
1005
947
957
1028
881
962
1073
1048
1050
1073
1078
1048
979
1076
1027
1059
1017
1034
1083
1100
1045
980
1007
1067
1055
995
1144
987
1075
1069
988
976
1066
1095
1004
1139
1088
1029
1071
981
1041
1027
969
1135
1015
1128
1127
983
1106
995
1040
1102
1129
1035
1038
1117
1073
1047
986
1000
1103
997
1050
1055
1048
1055
1142
1096
1106
1064
1023
1089
1084
1107
1097
1088
1065
1076
1005
1054
986
1143
1013
1060
1024
1082
1052
1076
1052
1002
1115
1112
1002
1045
1056
1051
1072
1050
1134
975
996
1021
1048
1074
1077
1008
1076
1035
1098
1113
965
1091
1114
1037
1122
1091
1264
1087
1039
1093
1040
1061
1165
1036
1057
1091
972
1046
1059
1021
1034
1032
1037
1135
1069
998
1059
1047
1065
1042
1135
1101
1107
1111
1071
992
1088
1081
1061
1005
1042
1212
1028
1114
1100
1048
1066
1065
1048
940
1028
1051
915
1082
1097
1108
1030
1095
1012
1053
1082
1062
1086
1028
1103
1137
1139
1110
1072
1036
1107
972
998
911
1050
1018
1181
989
1048
1052
1089
1103
1110
1104
1013
1105
1084
996
1002
961
1152
1105
1190
1052
1035
1038
1072
1055
1033
998
1082
1043
1226
1051
1145
1076
964
1077
1022
1068
1027
937
1070
1043
1060
1011
1068
1009
1006
912
988
970
930
948
1010
987
1035
967
981
1019
1066
945
1059
989
1003
1084
985
954
918
900
1044
997
1085
966
970
974
965
1025
990
903
984
977
1023
1009
977
1032
1028
969
1037
902
998
927
1004
953
839
1006
915
946
989
985
980
990
993
925
930
948
899
1007
892
1009
922
975
983
954
1001
956
978
987
977
931
856
932
954
1015
952
909
1039
865
851
836
1013
874
901
894
888
842
947
1003
817
889
816
845
857
967
891
847
918
842
854
844
895
947
801
954
875
826
893
849
871
799
827
800
872
755
722
794
838
847
856
849
802
869
829
902
763
883
792
825
838
857
883
784
812
828
857
876
819
848
870
868
723
712
682
726
767
836
722
791
743
751
720
771
741
733
759
806
783
780
727
751
745
794
749
809
746
777
739
717
712
714
787
609
694
634
670
728
623
730
664
662
636
742
729
684
674
689
767
632
828
679
773
709
763
717
666
608
676
640
630
633
630
671
614
574
692
658
695
690
623
688
683
584
636
655
623
770
575
564
624
656
547
567
569
546
582
669
601
597
675
586
663
532
646
488
576
605
589
577
605
645
620
600
658
572
599
563
570
454
499
565
558
506
500
522
481
655
516
551
544
597
483
602
501
503
516
475
502
558
557
492
564
493
455
565
519
498
452
463
466
535
530
534
527
457
465
463
596
467
516
570
462
418
410
451
552
486
473
421
330
434
416
432
464
363
413
498
400
414
408
522
443
350
426
411
488
339
486
408
440
454
414
383
507
397
367
430
370
427
444
389
301
386
365
375
383
357
361
299
358
306
312
385
416
357
349
328
348
359
391
346
334
332
314
263
348
263
338
301
269
330
248
347
311
322
269
335
412
331
303
310
295
288
307
262
265
281
276
324
315
420
265
284
211
281
231
318
234
285
268
203
213
323
226
312
295
243
288
312
276
246
257
331
249
340
219
265
282
240
342
321
271
223
285
203
185
200
261
249
146
210
205
190
197
272
306
213
207
183
227
223
234
288
198
189
205
207
235
180
269
235
222
168
247
208
147
222
260
164
209
249
195
195
163
177
168
221
131
206
173
204
167
153
193
161
150
195
225
166
253
205
200
195
219
183
166
212
125
157
147
204
132
159
175
221
150
259
130
212
168
155
163
151
170
162
168
232
229
139
120
171
148
184
112
123
137
75
187
128
103
146
118
180
155
158
122
160
127
189
172
157
95
128
117
118
151
149
120
140
171
112
134
95
151
98
106
189
103
111
145
181
138
146
103
124
105
181
203
158
205
173
126
183
139
156
154
150
85
116
131
152
161
193
123
174
125
130
198
171
194
172
158
146
201
143
164
107
132
127
130
150
136
141
158
78
90
119
105
178
153
205
181
133
116
131
193
208
162
157
90
177
183
140
205
148
123
165
189
115
209
196
111
117
88
150
199
240
162
176
219
217
206
185
166
158
161
132
173
268
107
212
135
211
170
120
237
158
164
160
98
241
335
219
231
184
224
162
206
348
118
182
145
102
140
165
159
180
188
189
182
184
163
198
146
125
188
116
222
181
146
213
122
201
159
148
163
250
164
162
237
181
116
173
180
137
134
186
165
190
203
152
225
128
185
160
148
205
161
114
191
207
220
196
229
98
221
216
232
206
253
138
178
128
152
165
172
179
182
216
228
223
185
230
216
200
169
178
211
118
147
224
115
194
198
161
220
255
179
164
272
192
177
192
229
179
269
239
237
247
269
268
233
222
285
229
200
204
242
283
260
198
202
246
246
278
234
191
270
222
198
181
242
254
221
238
235
238
253
283
281
282
285
291
387
294
257
255
195
351
280
297
267
306
323
262
218
319
329
277
241
273
308
233
265
282
377
260
210
344
320
311
338
325
297
329
375
312
325
288
398
280
449
371
350
322
402
258
325
394
255
363
319
328
346
441
411
453
485
451
384
378
424
413
428
475
402
388
403
398
425
305
406
358
357
377
360
371
296
436
514
397
416
571
385
577
592
395
421
502
393
498
394
487
391
465
332
440
471
487
388
483
448
532
487
510
395
633
481
442
539
502
476
475
481
448
492
451
493
585
392
474
602
480
600
535
581
488
565
592
548
573
608
530
487
590
597
500
480
553
490
527
515
494
519
581
558
498
679
509
614
596
676
530
572
602
608
596
632
650
585
575
604
622
617
561
637
703
737
688
620
673
634
719
695
678
695
697
636
726
687
659
684
606
633
687
641
676
824
683
753
659
720
776
723
697
648
705
738
764
700
732
803
684
731
701
694
740
747
719
819
820
806
738
715
712
738
692
849
699
813
721
660
824
748
714
871
751
665
864
862
841
852
900
863
828
806
765
957
867
777
819
758
962
947
822
803
874
843
768
833
874
916
900
827
899
838
815
834
859
846
860
896
908
821
932
893
817
942
798
981
1008
866
1008
999
959
1009
1113
929
932
969
952
957
972
875
955
953
1023
854
979
987
875
984
908
927
880
963
994
986
921
906
946
1078
1134
1051
989
1005
1001
955
1020
1092
931
908
1055
949
1141
988
1042
1070
998
1055
1028
1050
1103
1011
1041
1098
1071
1077
1083
1093
1068
1076
1031
1052
1058
1097
1045
1053
1076
952
1126
1155
978
1164
1060
1168
1011
1146
1243
1113
1115
1035
1117
1111
1027
1124
1044
1006
1188
1150
1074
1144
1115
1091
1179
1230
1214
1227
1209
1055
1102
1049
1072
1283
1222
1103
1131
1140
1209
1344
1157
1196
1043
1206
1096
1205
1148
1156
1155
1284
1213
1178
1198
1193
1156
1280
1203
1200
1205
1264
1152
1200
1074
1290
1247
1120
1183
1175
1269
1316
1243
1222
1236
1223
1191
1311
1346
1408
1233
1197
1213
1148
1094
1251
1317
1327
1279
1270
1227
1248
1259
1220
1272
1256
1202
1261
1260
1241
1206
1245
1201
1198
1288
1364
1278
1307
1349
1277
1285
1353
1290
1236
1221
1380
1384
1439
1264
1250
1218
1333
1331
1315
1273
1344
1290
1268
1411
1315
1196
1335
1269
1362
1290
1286
1370
1212
1288
1337
1309
1328
1227
1239
1268
1269
1245
1426
1359
1297
1303
1312
1164
1306
1274
1156
1278
1256
1296
1351
1310
1349
1239
1257
1338
1294
1264
1299
1347
1351
1386
1377
1422
1352
1269
1256
1283
1232
1212
1233
1277
1366
1351
1360
1314
1318
1277
1378
1198
1367
1324
1209
1317
1298
1303
1302
1192
1195
1193
1256
1261
1335
1290
1230
1284
1415
1308
1380
1265
1335
1416
1305
1359
1317
1336
1295
1365
1404
1301
1407
1330
1393
1336
1364
1319
1326
1231
1283
1246
1270
1227
1286
1333
1263
1240
1303
1302
1358
1257
1263
1358
1349
1190
1345
1321
1351
1322
1269
1320
1266
1466
1262
1226
1289
1346
1264
1313
1347
1321
1258
1320
1383
1229
1243
1247
1163
1224
1238
1342
1306
1224
1343
1264
1349
1362
1345
1240
1304
1444
1141
1280
1297
1299
1313
1331
1272
1317
1222
1310
1232
1310
1326
1335
1229
1243
1393
1290
1338
1416
1270
1316
1253
1260
1321
1346
1269
1301
1241
1175
1258
1181
1345
1212
1271
1302
1275
1339
1292
1263
1242
1358
1295
1260
1202
1276
1209
1366
1186
1229
1255
1270
1197
1235
1344
1210
1263
1297
1362
1291
1269
1226
1279
1238
1337
1313
1323
1206
1266
1254
1289
1166
1213
1161
1216
1141
1178
1193
1137
1195
1223
1272
1242
1081
1121
1231
1220
1147
1197
1183
1271
1306
1175
1120
1098
1229
1040
1143
1153
1158
1220
1159
1228
1079
1129
1117
1136
1066
1241
999
1133
1123
1175
1170
1085
1146
1143
1057
1036
1154
972
1114
1177
1051
1139
1131
1195
1080
1243
1088
1084
1059
1004
1104
1050
1016
1029
987
1167
1017
1050
1053
1055
1080
1095
1133
1123
1079
1181
1113
1061
1006
1130
1054
1091
1202
975
985
1000
1064
993
1053
932
961
1024
973
1027
973
898
1013
1002
1067
1064
1047
984
1080
1041
978
988
922
1017
884
985
947
993
949
1001
1030
883
996
891
926
916
881
1043
1009
892
905
1071
862
1061
961
942
918
961
891
903
910
828
865
971
911
852
869
918
957
869
789
953
802
859
935
876
1003
865
826
831
859
845
863
852
762
885
881
784
835
817
812
809
914
773
882
839
827
911
727
925
795
738
801
852
787
856
717
702
860
834
732
734
771
808
811
741
838
804
870
732
716
736
802
555
667
729
681
660
744
631
660
673
763
630
795
709
842
625
751
756
802
721
707
562
598
698
718
633
596
606
682
695
659
640
683
626
565
622
672
644
622
653
588
558
647
628
566
668
663
608
582
663
629
589
730
575
647
570
627
518
607
632
516
487
559
497
542
540
498
593
504
496
540
614
501
613
533
506
560
568
565
542
648
634
525
553
580
578
491
563
463
442
624
458
442
545
503
406
493
448
407
514
492
533
453
448
481
521
408
398
430
524
469
480
519
401
457
512
465
464
419
454
447
384
388
421
428
490
408
413
422
288
419
352
351
394
385
333
295
405
376
365
390
330
352
385
491
455
370
296
429
337
403
399
428
233
304
405
301
335
369
335
330
430
311
391
341
224
230
358
298
314
380
431
357
321
293
320
203
362
311
244
307
241
240
261
328
192
259
286
309
328
388
282
316
355
338
356
258
273
277
279
298
290
383
316
277
438
329
376
199
221
267
217
205
223
239
277
256
314
285
278
251
282
269
319
209
186
315
281
334
227
303
257
224
247
281
212
247
341
226
185
161
306
226
264
202
260
167
299
199
202
227
162
193
290
163
112
210
316
221
202
215
208
221
151
205
216
254
209
320
209
152
249
181
258
259
183
185
150
156
190
217
241
237
162
164
157
214
179
168
128
258
204
199
170
116
172
294
180
165
281
157
141
125
140
116
128
162
125
190
217
155
177
190
145
102
165
275
219
250
163
148
159
72
185
269
165
154
185
211
146
169
158
152
201
235
141
222
212
180
153
277
168
156
200
157
133
174
145
147
163
124
145
247
136
141
172
108
206
175
149
164
142
167
103
190
264
128
201
163
146
171
249
243
171
173
222
233
140
143
209
167
162
160
205
190
182
130
156
188
158
115
123
136
189
194
134
94
212
211
128
137
92
177
214
135
159
210
149
128
200
158
142
124
137
165
178
189
143
133
172
101
192
142
169
151
171
223
179
235
149
113
179
90
157
132
141
192
191
107
143
130
152
136
126
146
203
185
173
141
146
129
214
174
152
162
174
136
114
156
193
219
102
198
98
238
134
213
111
205
151
106
122
124
145
132
178
143
131
162
159
124
224
131
161
165
151
194
116
185
190
169
159
187
191
195
192
184
217
127
188
173
198
271
137
146
188
275
174
213
169
162
188
165
186
324
180
142
180
152
229
270
187
195
162
160
236
191
304
129
140
209
227
185
203
152
131
261
261
231
138
193
250
277
198
236
224
199
235
221
174
225
253
254
144
175
237
208
325
198
361
317
190
208
229
190
184
206
183
283
230
206
217
226
288
240
324
226
235
292
340
257
275
313
211
233
232
226
336
264
280
262
383
230
230
301
303
233
232
313
233
254
263
315
210
200
359
262
363
287
321
373
389
410
365
341
303
265
309
229
367
246
349
322
277
299
347
382
325
296
284
311
348
313
305
322
348
453
402
379
473
368
361
366
345
415
410
380
440
311
465
445
317
388
349
363
277
366
448
301
360
417
311
358
363
502
380
412
422
431
393
444
425
520
515
343
355
343
392
389
439
500
407
462
460
391
527
417
402
376
426
505
518
573
399
412
490
403
427
431
468
522
436
513
460
433
449
419
453
478
460
433
494
591
497
587
535
486
535
469
545
617
507
539
548
528
525
459
546
480
577
458
531
601
572
573
481
526
477
508
450
582
562
589
508
620
567
582
562
617
594
552
605
660
589
597
604
491
642
589
562
617
600
639
623
557
505
721
641
637
655
699
628
643
711
658
654
819
627
697
655
730
730
775
578
727
655
623
665
704
600
719
647
720
666
709
819
742
724
765
789
769
772
763
699
730
791
657
747
727
723
715
731
758
670
734
716
618
747
720
843
774
792
651
717
702
771
755
841
780
779
901
788
755
773
763
780
729
739
880
659
760
870
762
843
893
751
838
803
967
750
871
795
845
797
864
861
809
797
782
783
803
810
816
903
861
864
792
809
816
832
840
754
775
841
973
823
856
915
949
861
930
929
842
887
862
878
947
863
928
888
924
947
963
897
890
918
858
840
872
914
929
790
898
797
867
885
884
926
921
959
932
950
921
941
895
955
939
918
955
872
898
960
892
1001
977
847
954
904
961
973
950
971
980
987
967
951
935
942
915
922
896
1047
939
949
974
1035
998
1086
1035
1036
999
1040
1049
972
948
1059
1019
870
996
1067
946
1090
1007
1039
1036
958
1020
933
1052
1064
973
1046
1046
1019
1045
1027
1021
967
1001
1015
996
1010
973
949
1060
1059
985
927
1038
935
927
1004
1163
1095
978
1038
986
1073
1049
1068
1086
1084
1093
1086
1082
1087
1004
893
1040
1038
1008
1004
1033
1083
1061
1075
1085
1027
1031
1094
1012
1035
1038
1049
1074
1101
1046
1088
1034
1131
1033
1004
1103
1051
1080
1026
1014
1053
1059
1091
1093
1003
1081
1063
991
1025
1128
1110
1055
977
983
1059
992
996
1082
1210
1108
992
1185
1010
1084
1046
1077
1129
1070
1043
1072
1053
960
1098
1050
1047
1102
1012
1028
998
1133
1056
1073
1121
1032
1153
1027
1071
1090
1058
1063
983
1087
1074
1091
1097
1075
1049
1115
1007
932
1187
990
1133
1030
1083
1020
945
974
1146
1101
1063
955
1062
1143
1061
961
1124
984
1006
1119
1052
1031
1006
1157
1099
1169
1080
1042
1111
1067
1162
1135
1014
1088
1068
1054
1107
1004
1038
1077
1079
1128
1018
1132
1080
1098
1056
1080
1077
976
1054
1081
1096
1039
1011
1009
1013
1154
1090
1115
1033
1078
1034
996
1024
1047
1116
1087
1116
1080
1156
1077
1027
1016
1005
1064
1100
1083
1123
1053
1030
1085
1233
1006
1042
1009
1131
1033
1039
1092
1120
1008
1064
995
1165
1093
1120
1120
992
1139
1099
1083
1086
1076
1109
1040
1090
1043
1087
1035
1134
1032
1008
1057
981
979
1045
1006
961
1081
1028
1031
1020
972
1042
1005
992
967
977
1015
923
972
1016
956
905
981
888
1087
978
929
996
1059
1049
886
994
1050
993
978
968
973
941
935
1050
956
964
959
980
994
968
860
931
972
976
948
935
893
940
955
938
919
938
967
947
911
910
1102
905
974
912
875
943
942
1040
862
941
932
925
941
988
957
919
868
954
984
1008
1069
937
900
802
965
837
911
908
826
845
933
931
885
913
903
871
881
857
769
891
811
889
898
854
879
863
880
810
849
923
872
894
887
861
803
785
812
765
824
871
866
808
798
869
860
802
788
862
814
763
830
775
806
756
790
808
841
853
834
843
804
865
887
710
751
774
851
851
755
758
739
770
763
731
831
772
804
762
682
880
698
759
739
720
773
697
748
731
821
836
723
628
671
714
761
763
787
672
669
678
700
685
747
799
725
778
808
715
737
695
700
697
769
730
630
700
724
618
684
773
708
628
728
683
631
620
640
683
656
659
662
616
672
587
730
690
628
702
617
657
658
645
639
657
587
568
528
520
558
599
597
550
537
505
580
637
563
577
544
550
600
567
629
579
572
634
648
598
568
547
578
400
449
631
564
559
507
566
459
522
504
658
656
513
631
551
518
553
532
524
463
461
597
494
397
522
515
604
489
423
432
443
469
483
510
458
518
470
439
506
460
520
462
659
446
484
485
532
503
389
408
349
377
515
470
376
455
433
468
349
399
459
412
404
400
424
501
397
383
406
427
384
428
431
406
442
341
355
366
366
390
407
324
361
409
381
408
437
333
335
327
302
391
271
360
334
348
290
431
340
419
423
365
378
349
306
338
398
269
343
283
362
360
485
367
349
394
315
366
325
340
387
317
326
286
323
254
283
276
251
328
364
324
352
279
192
292
233
330
248
251
207
294
277
217
229
183
257
390
300
354
243
270
309
204
332
263
311
266
241
282
309
309
265
315
216
158
200
240
261
351
167
260
329
249
154
164
353
236
241
217
220
171
249
205
252
230
246
187
189
267
183
176
214
202
269
241
210
177
201
170
188
224
165
204
180
176
178
210
138
139
191
151
170
167
206
194
193
174
132
159
185
333
157
176
154
237
132
259
178
184
192
197
166
195
226
223
134
146
274
122
138
127
138
182
167
189
240
132
119
197
141
130
159
134
135
136
110
166
146
96
185
144
176
119
148
165
157
193
169
167
125
195
219
196
125
150
157
171
180
144
145
140
141
189
106
136
155
184
145
140
146
131
84
136
182
131
175
246
100
103
171
134
144
125
106
168
102
229
184
154
156
135
280
162
201
163
142
135
121
212
193
180
157
145
111
158
178
241
216
150
163
88
159
113
152
148
135
144
90
175
196
93
195
163
128
153
93
89
137
141
200
188
125
235
166
139
152
210
115
140
68
107
126
127
155
148
80
95
80
49
74
74
65
119
60
61
57
135
102
92
132
98
115
75
79
117
72
106
107
91
79
94
41
89
77
59
63
65
88
85
87
75
71
112
100
169
64
88
62
126
59
73
97
71
52
88
99
87
54
66
56
74
75
74
82
82
85
116
49
86
58
130
76
121
112
116
81
124
87
109
54
99
84
77
81
72
55
94
75
101
103
80
70
116
105
88
112
62
108
100
85
63
89
119
69
84
56
115
109
90
73
90
75
64
91
72
131
119
87
106
114
89
101
95
86
73
68
98
84
118
87
94
84
75
96
90
54
94
81
126
57
70
86
72
107
126
140
138
130
110
138
97
154
147
121
154
107
141
143
127
113
147
119
145
132
126
144
110
155
130
135
96
117
151
115
165
82
127
151
127
141
112
118
123
117
163
124
102
145
186
132
112
148
117
133
127
106
108
141
126
160
88
153
118
153
155
135
147
116
117
167
193
191
238
168
188
175
184
173
209
171
168
171
149
165
185
183
177
220
255
202
175
158
182
189
163
166
167
142
146
119
163
150
190
174
199
167
169
171
168
185
180
168
215
163
177
175
204
183
153
147
196
128
250
210
244
234
201
239
209
193
235
167
271
224
220
207
249
205
214
209
227
202
207
256
201
177
229
187
199
245
189
200
272
225
212
226
241
234
246
224
228
199
263
226
209
217
242
257
285
261
249
256
304
279
327
294
277
281
338
235
296
269
265
278
287
286
295
245
283
252
259
276
265
288
270
216
304
264
268
267
294
270
358
264
259
297
288
314
303
298
261
297
258
262
266
279
324
292
395
331
364
322
365
361
350
318
307
324
348
339
331
348
324
317
377
344
373
375
320
362
293
330
309
308
304
322
362
326
335
313
387
295
346
335
346
346
317
358
388
294
331
321
349
418
378
365
343
386
452
401
361
449
363
423
403
386
372
378
420
363
437
457
365
427
397
422
441
385
394
393
374
353
389
438
380
389
420
367
404
452
365
375
393
402
399
363
372
397
388
424
376
498
487
474
456
404
425
433
397
421
485
449
449
429
461
492
478
445
448
474
488
438
440
473
503
450
415
424
487
458
512
470
448
500
472
456
461
453
472
443
480
463
426
445
427
440
439
473
412
464
462
474
468
502
546
549
509
535
517
520
490
535
446
536
508
465
526
563
524
506
520
578
474
462
562
543
524
500
488
479
491
471
523
548
525
507
518
510
543
564
548
572
536
512
507
506
537
513
483
503
475
517
519
521
542
496
505
520
519
503
491
507
476
549
530
481
498
552
492
572
580
571
548
569
508
576
627
578
503
573
629
524
585
531
586
548
594
563
592
574
581
560
604
611
536
582
563
533
662
553
528
580
558
596
625
559
595
554
599
567
575
608
577
578
610
574
550
618
571
581
561
608
555
597
524
575
545
555
577
613
560
556
552
544
649
575
534
555
535
593
603
567
567
596
603
623
566
539
566
609
538
553
649
629
581
567
548
585
532
559
540
632
521
618
588
548
603
567
596
551
596
603
599
562
586
542
604
611
593
535
577
597
556
557
566
624
598
544
599
580
621
557
625
513
590
586
593
604
553
575
546
580
604
575
612
551
583
554
598
585
556
613
587
565
590
524
558
540
583
564
564
594
587
593
599
604
571
548
540
547
595
595
570
587
536
591
569
556
558
568
551
611
645
578
555
645
593
562
598
549
555
558
614
574
566
593
543
609
571
532
565
585
579
593
535
537
571
537
572
570
574
533
578
522
598
578
570
528
546
546
520
568
541
565
560
524
581
594
580
597
550
583
612
573
568
615
550
581
514
511
581
582
558
575
526
587
545
559
613
552
590
575
557
561
588
561
572
505
578
559
577
568
605
543
575
598
623
579
576
579
599
588
587
540
559
549
584
592
595
559
571
545
545
544
601
561
550
564
531
599
572
559
560
561
564
524
560
525
588
559
547
564
568
568
523
479
520
543
520
529
516
535
535
532
535
535
516
544
534
465
502
520
486
490
521
494
462
498
511
572
538
487
491
513
513
460
486
532
557
518
525
526
502
487
494
507
540
554
496
512
492
524
500
508
467
539
556
485
515
544
504
531
484
532
559
500
538
504
535
460
466
457
459
430
502
434
491
445
434
525
469
427
467
456
425
454
448
468
466
462
411
449
485
426
484
474
463
520
429
451
426
459
468
427
455
502
450
480
469
427
461
485
476
498
458
474
428
454
509
443
410
468
408
409
437
445
420
369
369
379
462
381
352
362
383
357
382
404
412
409
426
386
435
416
412
461
350
423
368
428
441
422
418
490
441
409
374
409
402
383
395
403
434
412
365
384
383
384
380
362
378
317
366
337
346
348
346
346
376
376
347
336
339
358
336
311
299
298
312
290
320
334
372
366
365
319
315
292
342
330
322
336
342
370
382
332
336
373
328
319
336
379
305
377
310
315
363
310
310
273
301
305
302
268
250
337
314
333
305
267
310
281
260
265
337
269
275
315
296
313
254
299
352
349
273
242
309
290
253
298
284
252
280
292
248
289
277
258
257
274
260
260
263
215
199
218
240
207
228
225
237
240
251
230
239
231
244
245
187
252
218
248
214
201
234
204
257
209
234
227
230
280
211
248
223
266
185
230
226
203
257
236
235
194
231
225
205
200
232
177
210
180
145
203
163
201
211
193
189
218
183
196
163
232
181
194
144
179
185
212
191
187
178
167
160
182
162
154
184
169
194
166
172
165
164
167
171
135
168
164
179
192
133
164
114
141
175
200
146
228
187
166
157
187
223
156
98
140
127
104
123
120
122
148
138
127
148
112
116
152
126
126
130
166
161
117
153
121
118
105
132
109
108
124
144
136
112
122
97
180
134
123
121
103
102
97
108
153
138
126
121
114
106
94
91
98
107
103
137
140
133
118
122
172
134
119
150
121
142
98
57
155
89
85
88
94
79
112
89
45
63
94
79
98
105
87
79
94
76
104
144
77
117
89
110
84
84
74
90
59
92
128
82
88
70
81
70
98
81
84
59
71
101
98
150
64
131
115
50
74
62
105
73
110
74
77
68
95
79
93
75
95
128
84
84
95
78
69
72
54
66
69
88
62
77
90
81
73
100
56
97
76
75
104
82
56
57
96
122
74
100
43
97
77
90
145
80
190
82
106
99
126
131
77
66
97
86
93
118
80
88
64
111
87
110
81
98
81
90
130
96
76
68
111
87
122
92
77
99
88
97
89
134
65
82
74
84
132
116
75
105
86
73
96
83
63
57
60
121
90
75
78
93
62
130
45
64
46
43
60
45
47
58
49
64
69
47
39
60
41
49
50
83
74
69
57
64
72
50
59
53
38
46
69
76
81
60
81
48
61
67
47
50
28
44
77
62
50
50
53
61
50
53
44
58
72
81
49
44
38
31
30
44
70
61
64
34
50
53
54
77
75
51
62
48
82
53
78
72
85
68
69
63
65
82
47
38
52
49
45
61
56
38
98
66
50
86
44
47
61
64
61
54
77
50
53
55
49
53
52
67
47
49
66
61
53
47
49
43
57
50
41
50
80
60
50
57
38
60
71
46
66
55
44
64
55
49
78
47
42
54
58
53
47
47
57
77
42
45
47
57
46
59
48
50
66
82
56
80
63
38
59
51
64
57
45
44
43
54
70
63
44
37
64
57
54
43
45
40
43
76
33
44
39
44
56
55
72
57
72
113
107
82
129
118
87
100
98
112
78
106
104
114
104
100
129
116
101
130
109
115
115
94
114
115
109
98
80
101
90
109
95
107
71
106
143
118
85
97
109
87
132
88
101
96
124
96
90
110
114
89
110
129
95
107
91
100
104
103
88
83
110
81
87
114
112
92
101
86
110
104
106
115
99
104
99
86
117
120
97
80
69
107
108
78
135
102
112
142
165
147
174
160
163
135
162
141
142
180
154
142
175
129
158
160
144
183
188
148
177
158
165
160
138
162
158
160
172
164
147
181
170
176
164
167
170
157
143
185
146
133
145
182
133
158
190
173
171
156
143
146
182
172
161
144
128
170
167
149
125
154
146
171
134
151
158
151
159
174
127
159
151
189
165
164
137
201
185
191
194
231
205
216
216
199
209
221
196
198
198
194
202
248
215
223
226
258
239
226
199
214
223
225
208
226
225
209
224
238
192
234
243
219
215
219
201
223
208
204
238
197
207
204
203
226
212
229
196
223
234
216
263
207
223
185
220
206
197
218
238
206
222
191
207
230
211
214
218
218
203
236
212
220
216
256
290
272
296
279
280
265
294
271
287
254
259
272
262
248
325
288
275
278
293
277
279
280
286
270
242
275
248
295
240
277
257
284
266
257
256
253
262
259
277
256
248
255
270
288
254
245
257
244
265
279
256
232
286
287
255
284
276
256
265
295
287
257
258
253
272
256
277
262
256
249
337
287
291
285
290
299
278
269
278
291
276
272
256
241
265
265
274
256
287
320
305
307
329
346
301
342
331
322
331
318
344
360
345
321
329
314
336
316
333
346
324
338
356
344
323
327
307
334
344
327
328
312
329
341
348
311
335
311
323
338
327
298
327
314
330
361
314
320
327
318
326
311
327
341
322
274
359
318
304
347
311
361
326
362
296
327
317
326
303
332
361
326
324
287
329
353
322
319
319
324
312
317
340
298
328
349
313
333
342
337
321
342
334
335
334
329
323
376
371
337
327
323
308
320
337
334
320
336
320
331
322
349
329
321
322
357
345
349
353
331
358
358
318
326
340
345
330
331
330
313
317
342
393
345
320
319
337
314
315
352
342
314
348
316
354
328
338
327
354
326
358
334
354
318
325
325
352
324
360
332
342
328
331
352
328
360
328
306
353
336
320
314
315
311
335
341
324
321
326
339
318
297
338
345
343
351
350
316
343
318
311
335
329
321
299
349
324
324
306
306
317
342
313
332
321
321
301
345
341
349
328
332
306
333
314
329
347
334
362
312
327
334
336
316
311
316
330
323
351
307
347
370
314
321
353
323
319
304
336
339
350
318
316
311
339
301
316
371
317
347
337
329
298
331
348
360
293
324
325
344
344
318
355
356
302
308
326
314
313
337
336
299
334
298
336
305
330
325
327
311
344
326
320
334
366
316
336
319
332
338
339
328
372
308
327
380
336
348
382
330
280
346
327
328
313
348
292
319
335
316
332
343
337
334
345
337
345
314
293
363
339
330
346
333
342
293
337
340
339
320
339
303
337
362
304
361
341
319
330
344
308
320
376
348
340
366
316
333
326
320
309
317
350
346
358
318
345
361
300
322
324
291
305
349
329
365
333
327
319
314
335
319
312
339
356
321
338
357
332
355
309
343
357
370
274
253
284
292
267
263
289
266
276
299
310
291
276
266
308
249
293
285
260
246
270
311
257
292
237
265
261
282
264
273
274
265
280
278
300
292
296
270
286
311
265
247
290
263
254
290
250
273
309
259
270
272
272
301
282
283
272
263
259
264
256
276
292
259
296
295
268
238
260
265
277
279
272
251
244
274
262
257
306
305
261
311
287
264
275
276
274
248
259
271
216
238
216
184
221
221
236
234
244
226
204
233
245
249
197
221
219
211
217
210
226
236
242
221
222
222
217
211
220
214
203
180
217
215
207
203
229
218
191
247
212
211
205
211
202
224
198
211
190
213
237
216
239
219
197
211
204
260
209
230
216
234
226
221
237
227
224
198
199
208
207
183
211
228
214
244
223
184
154
156
165
182
142
167
142
149
144
154
208
158
138
155
162
162
121
182
148
162
171
181
133
149
168
174
151
164
169
133
136
131
152
177
155
165
141
150
152
157
154
173
175
154
146
164
136
156
153
135
150
138
142
139
136
156
165
181
152
138
143
158
169
173
144
167
137
146
163
166
176
128
149
148
145
147
150
122
126
97
112
83
109
116
121
88
80
118
110
113
110
118
98
129
102
95
122
121
115
92
69
119
114
80
96
114
134
112
117
115
93
106
93
77
124
92
129
91
98
97
88
85
96
102
77
108
107
95
114
110
115
122
102
100
99
95
81
97
98
116
115
126
95
115
111
101
89
102
96
105
102
117
113
137
91
80
137
108
97
112
93
85
84
96
110
102
105
48
56
84
50
66
64
59
58
47
59
60
52
78
61
47
58
67
64
67
48
47
91
65
58
45
63
73
51
36
56
40
51
39
35
61
43
66
46
44
39
68
42
65
41
42
45
77
52
45
37
52
47
71
50
63
35
45
50
41
40
59
38
65
90
66
75
62
59
70
64
60
57
66
64
45
79
48
58
36
63
85
77
42
73
40
61
64
47
39
63
75
73
58
56
43
61
45
56
61
64
49
82
47
52
66
73
91
69
34
61
81
61
37
53
66
52
70
62
55
49
56
86
49
44
47
42
53
55
40
81
60
46
56
56
87
94
55
68
79
76
36
82
50
50
56
62
74
50
44
47
52
66
72
53
60
107
46
46
80
47
39
59
54
50
30
70
52
65
33
51
53
60
57
63
88
64
58
44
49
40
45
62
34
59
73
58
77
44
43
53
53
54
79
44
54
51
39
63
72
50
49
144
126
199
193
156
111
145
110
137
157
106
120
112
149
176
119
193
109
158
145
152
141
134
142
133
138
100
132
103
123
70
98
153
122
144
137
102
80
97
173
131
106
151
104
82
150
172
108
128
116
102
138
185
136
103
137
94
112
158
275
108
107
119
138
121
167
231
203
135
107
162
184
117
90
122
140
150
154
137
148
148
134
161
101
138
87
97
120
112
150
114
188
119
123
116
112
152
104
114
169
129
133
100
97
131
119
118
157
127
148
202
184
141
120
171
122
119
195
163
162
185
121
180
157
166
145
145
149
134
173
154
176
165
155
220
164
112
166
141
172
119
167
120
168
220
179
181
170
180
137
122
157
167
120
161
225
198
231
226
199
215
161
210
183
168
210
186
148
214
222
208
204
176
222
352
277
246
179
203
223
224
195
237
192
213
236
204
153
255
214
172
197
229
164
217
211
191
256
263
243
273
272
296
268
239
260
275
283
290
308
228
216
272
272
236
244
246
250
239
230
244
299
287
230
263
247
285
250
243
244
262
293
324
362
300
262
362
260
342
337
311
294
358
293
291
340
326
315
292
271
338
279
361
377
277
272
340
345
379
337
324
278
271
394
409
346
283
336
360
381
401
396
300
306
372
328
267
426
339
346
433
396
325
426
371
419
368
357
367
326
392
336
399
404
385
392
480
495
482
440
410
402
479
418
466
414
462
481
379
417
471
434
424
468
350
377
430
478
487
388
370
418
436
464
496
485
440
439
469
403
508
490
459
548
405
584
435
478
436
483
522
425
445
477
405
427
484
457
527
502
546
460
467
480
482
482
510
592
510
492
600
485
533
530
506
529
529
526
611
460
618
523
428
589
609
544
579
441
490
498
521
548
597
568
525
537
670
549
640
573
595
600
560
553
644
647
667
549
602
568
654
690
646
614
580
597
600
602
541
617
687
635
635
667
630
655
627
656
644
652
666
623
669
620
607
620
689
668
644
591
607
635
644
648
630
633
644
570
649
662
743
726
742
696
761
716
682
719
721
673
723
721
760
646
812
724
642
691
719
669
662
657
697
674
670
657
706
686
706
687
682
735
702
771
791
746
796
694
737
732
706
758
687
756
746
793
755
654
800
772
753
734
762
854
701
800
807
755
834
744
727
762
690
799
815
765
716
858
811
819
842
823
803
783
802
742
861
861
914
825
869
775
804
787
846
794
824
817
893
813
807
802
865
791
743
805
819
744
838
848
747
831
830
848
817
814
927
920
818
835
914
858
883
791
771
855
908
828
886
887
900
906
882
836
886
874
839
865
858
916
816
898
925
898
854
926
877
814
888
886
853
917
955
866
883
854
873
875
950
845
852
812
861
874
859
851
939
853
935
874
963
922
1032
841
909
877
962
918
946
994
955
910
978
950
928
969
968
901
881
954
943
964
946
874
886
910
992
909
945
862
906
908
910
1002
913
948
906
965
958
970
979
973
960
861
834
945
927
969
973
954
978
891
887
999
1002
951
980
977
991
890
900
999
952
883
1011
989
957
929
922
896
914
952
893
903
1012
849
864
989
982
939
901
921
934
1039
978
971
945
905
993
870
921
878
844
928
937
893
938
916
1013
903
926
913
999
946
845
907
999
918
921
1015
895
932
894
946
1051
897
888
898
859
951
946
906
918
874
917
981
977
940
859
970
929
948
928
909
884
917
868
875
962
950
938
932
884
898
868
1003
952
980
965
924
1043
998
937
921
927
947
960
884
934
989
929
958
1021
925
975
907
882
980
947
1006
959
901
951
940
902
893
926
976
994
911
880
908
970
964
915
946
903
993
1001
937
974
979
878
923
945
903
904
904
887
890
926
913
891
941
963
928
956
1031
922
883
921
936
984
937
999
940
960
944
887
868
916
811
957
927
869
889
925
922
844
893
859
886
924
867
899
835
886
847
867
868
886
868
800
881
911
899
821
847
856
880
936
916
896
881
877
903
843
845
896
841
755
889
830
931
863
865
824
919
936
806
866
853
906
939
873
858
854
757
788
817
819
762
873
805
789
808
909
830
803
813
772
905
728
908
909
776
802
757
892
824
848
823
760
850
728
789
813
860
753
801
879
852
744
843
811
822
838
820
751
760
775
720
721
806
727
787
754
795
779
757
669
807
751
731
761
804
772
813
686
720
796
756
730
830
796
786
709
749
700
725
746
721
756
708
703
725
788
663
715
657
719
717
690
709
765
757
630
722
696
763
757
695
708
663
758
705
719
721
766
663
697
666
609
654
686
634
612
619
710
688
660
601
694
599
684
732
596
667
595
718
630
614
656
631
739
661
657
655
714
587
607
602
600
585
573
706
596
606
529
534
567
619
573
589
540
580
597
600
564
637
610
621
561
584
592
621
638
618
550
541
547
607
554
496
533
585
565
572
550
546
475
526
405
546
545
546
563
536
444
505
524
507
464
467
461
584
497
557
625
571
460
502
448
396
515
494
500
489
477
457
450
451
481
555
526
520
439
464
471
498
499
442
432
450
419
445
472
463
410
491
437
407
407
398
474
416
449
417
452
396
427
342
320
462
402
405
544
391
411
412
410
424
399
381
413
367
417
450
456
361
321
363
339
365
351
348
424
360
303
367
284
362
335
355
355
293
411
351
371
285
355
373
378
388
357
353
310
300
331
280
287
315
283
326
255
308
349
336
320
352
309
260
278
415
414
323
249
281
262
327
254
339
269
372
213
324
385
302
410
334
303
295
227
307
298
294
249
221
289
253
187
312
229
250
217
261
234
294
244
264
220
269
239
283
224
265
234
263
254
297
282
299
252
182
213
261
184
232
182
223
235
175
264
196
175
224
216
239
161
179
192
180
193
155
181
251
204
222
246
210
204
146
250
224
208
242
189
212
184
234
216
210
181
252
171
198
244
173
116
180
167
185
196
166
131
155
121
182
171
122
241
160
175
200
132
142
144
219
183
235
113
170
150
155
199
232
274
192
126
197
169
243
206
198
197
123
169
117
120
171
148
136
129
163
151
88
167
145
193
110
178
121
133
55
115
90
146
142
93
166
116
113
120
99
131
104
88
134
144
76
139
132
127
88
198
126
137
153
120
74
101
147
95
93
156
140
123
98
112
157
91
167
97
151
86
133
171
147
125
147
118
109
80
149
65
106
122
146
106
128
165
118
143
83
118
112
145
97
117
138
89
83
124
138
129
122
199
110
135
85
87
144
95
45
150
71
109
122
102
162
149
136
57
143
168
150
130
134
150
173
99
122
162
135
149
146
95
84
108
133
88
76
93
138
133
91
130
128
109
125
215
298
238
239
179
293
164
124
165
171
239
260
256
253
199
184
214
203
155
210
276
214
170
158
220
229
146
218
235
168
190
241
149
251
181
170
245
189
281
175
207
172
161
201
153
186
234
245
190
151
160
217
223
226
257
177
148
200
181
188
315
190
293
151
183
190
248
184
172
97
339
211
213
276
172
193
206
244
144
151
175
390
143
181
230
308
181
230
240
206
247
213
186
209
240
230
432
206
250
214
223
254
238
373
232
271
418
196
230
206
145
233
200
251
227
271
195
241
295
315
203
342
302
362
311
255
333
304
222
323
285
203
267
262
303
232
171
287
255
225
334
223
232
348
316
249
266
214
165
188
307
417
296
366
412
265
308
302
321
249
394
378
304
385
431
222
289
347
348
361
378
315
293
320
296
348
512
325
352
344
314
348
502
318
338
332
406
383
390
429
395
299
377
345
308
433
338
432
404
393
323
416
438
426
491
317
341
459
565
432
415
449
428
372
316
454
360
499
351
342
510
556
501
402
478
484
475
439
460
457
493
478
372
337
453
441
495
426
496
654
504
589
461
469
446
462
531
408
530
470
547
467
583
585
531
636
484
491
535
556
427
531
570
472
444
527
630
596
472
504
633
563
577
584
678
528
493
529
579
670
645
562
709
597
642
575
560
654
595
568
650
623
603
642
571
548
609
510
595
644
770
569
622
783
698
672
593
665
658
679
750
561
640
652
597
578
744
730
712
691
854
675
916
724
719
717
797
753
792
672
673
861
706
636
740
770
738
777
697
791
766
759
691
852
715
712
768
750
857
732
788
762
776
852
792
913
803
821
871
808
850
872
945
800
804
855
876
867
851
891
975
972
889
957
866
933
997
827
915
1069
922
854
873
909
858
875
1024
927
1013
870
1047
972
952
941
898
941
884
960
875
940
992
1006
963
971
990
972
1109
940
1037
994
1079
929
1075
997
984
999
1097
943
985
1015
901
1157
1034
1002
1153
994
1119
1068
1056
1145
1361
961
1225
950
1047
1012
1049
1148
1029
1031
1083
1087
1019
1203
1128
1140
1059
1347
1072
1246
1157
1194
1014
1137
1077
1200
1013
1185
1120
1152
1194
1237
1280
1286
1216
1189
1215
1263
1217
1104
1246
1218
1231
1147
1282
1300
1289
1097
1149
1130
1075
1083
1288
1117
1261
1259
1204
1153
1274
1282
1271
1335
1296
1108
1275
1197
1238
1206
1305
1304
1233
1228
1260
1209
1328
1255
1326
1298
1197
1394
1344
1234
1346
1292
1202
1421
1264
1318
1380
1225
1201
1353
1289
1266
1206
1311
1218
1404
1459
1317
1347
1355
1358
1316
1345
1554
1366
1337
1243
1380
1432
1414
1302
1356
1409
1501
1430
1382
1394
1458
1314
1451
1432
1393
1438
1417
1343
1491
1523
1443
1293
1454
1443
1424
1488
1508
1313
1427
1524
1365
1478
1553
1442
1432
1421
1375
1297
1355
1522
1431
1463
1473
1438
1441
1576
1502
1400
1547
1435
1320
1563
1468
1453
1400
1461
1291
1508
1520
1626
1409
1591
1550
1432
1479
1386
1460
1483
1386
1521
1473
1366
1631
1464
1407
1512
1577
1415
1518
1448
1498
1639
1386
1538
1591
1607
1380
1489
1544
1653
1646
1507
1670
1635
1488
1480
1534
1563
1601
1476
1685
1617
1541
1423
1554
1481
1630
1510
1489
1643
1569
1524
1535
1491
1426
1555
1596
1474
1713
1520
1504
1583
1581
1501
1675
1532
1647
1445
1436
1579
1578
1551
1542
1550
1533
1483
1499
1464
1535
1617
1585
1619
1650
1626
1509
1569
1566
1465
1541
1534
1640
1496
1617
1646
1658
1675
1626
1547
1459
1482
1529
1404
1530
1543
1497
1515
1580
1737
1564
1589
1472
1494
1623
1619
1579
1567
1609
1494
1587
1617
1666
1446
1624
1512
1454
1566
1460
1594
1506
1468
1496
1354
1421
1514
1594
1593
1599
1427
1480
1641
1522
1616
1521
1533
1524
1432
1693
1471
1628
1619
1715
1571
1594
1601
1541
1633
1491
1469
1483
1562
1465
1610
1552
1465
1470
1551
1611
1598
1517
1572
1553
1481
1484
1534
1478
1532
1546
1634
1633
1589
1484
1680
1477
1596
1601
1549
1492
1547
1414
1570
1673
1583
1490
1587
1550
1580
1562
1534
1433
1518
1417
1418
1484
1463
1493
1419
1580
1522
1535
1486
1457
1553
1547
1478
1584
1594
1446
1536
1494
1644
1386
1399
1487
1376
1519
1583
1491
1648
1471
1427
1390
1490
1619
1500
1483
1525
1469
1466
1573
1446
1484
1558
1450
1396
1476
1357
1467
1379
1428
1542
1418
1417
1389
1462
1330
1443
1445
1474
1318
1374
1508
1401
1510
1341
1448
1394
1444
1407
1323
1488
1368
1377
1419
1442
1401
1364
1291
1354
1458
1432
1409
1364
1299
1358
1274
1427
1302
1337
1454
1414
1391
1390
1416
1236
1365
1302
1446
1256
1328
1311
1343
1279
1281
1301
1282
1197
1217
1304
1397
1303
1342
1337
1437
1305
1226
1297
1313
1294
1340
1369
1184
1212
1352
1170
1302
1380
1277
1230
1238
1130
1216
1322
1245
1260
1286
1340
1233
1355
1190
1192
1203
1229
1145
1160
1210
1153
1303
1166
1174
1116
1227
1223
1205
1236
1119
1190
1214
1263
1153
1317
1239
1228
1194
1227
1117
1169
1216
1050
1138
1244
1020
1192
1203
1053
1103
1225
1124
1072
1206
1230
1080
1190
910
921
1026
1058
957
1079
1004
1063
1098
1074
1079
973
1059
1268
975
1074
1180
1021
1044
1008
1158
1041
1003
981
1063
1021
1067
1179
974
1157
936
989
981
999
1095
979
1125
866
832
974
1011
999
1001
939
997
944
920
928
918
1085
951
972
951
929
1001
801
917
912
758
963
867
862
849
895
796
737
877
887
818
846
820
1008
927
857
883
882
818
911
960
942
868
835
750
865
725
790
922
793
879
743
902
869
733
860
734
827
791
789
799
821
789
864
754
682
802
711
724
813
716
772
676
879
712
742
644
656
728
733
760
699
768
738
673
691
894
845
592
560
692
785
628
627
666
685
586
779
584
754
571
651
786
752
634
689
560
598
643
690
483
619
600
563
685
600
598
604
564
652
536
707
539
566
538
526
561
529
598
617
545
489
564
630
707
534
471
647
540
530
584
567
498
603
510
567
425
521
541
534
440
496
543
557
583
435
595
462
494
522
462
494
491
430
327
464
422
422
542
641
446
427
491
494
446
501
344
395
653
416
516
368
474
372
483
440
341
385
360
323
410
465
410
409
408
339
512
454
474
425
416
482
353
316
349
388
374
385
444
301
487
401
343
406
330
348
450
364
421
290
339
328
387
393
344
569
437
280
348
477
334
314
243
237
445
341
285
266
299
261
405
290
286
260
379
395
307
316
324
285
237
252
346
441
305
280
264
285
208
327
270
332
348
326
328
169
243
215
335
266
370
204
310
243
233
249
313
410
315
240
316
306
245
256
179
299
206
286
199
202
231
220
297
156
193
239
172
220
207
228
268
279
167
221
282
240
176
245
251
244
203
261
214
176
256
273
293
250
199
409
152
222
144
291
242
220
178
185
188
174
152
235
220
145
235
233
202
197
257
206
172
156
190
164
149
140
170
111
118
279
137
249
167
207
310
142
237
233
242
179
244
144
304
162
194
275
156
181
202
214
138
251
229
201
200
252
221
243
226
236
179
248
270
243
150
236
231
166
193
208
193
240
279
136
235
142
202
160
134
207
290
113
237
175
213
204
187
252
160
127
203
316
242
166
197
192
232
165
254
135
173
199
162
125
174
150
111
212
166
199
134
144
212
231
157
212
132
131
100
256
195
91
230
230
143
249
182
226
181
135
174
168
151
162
157
154
276
167
191
182
121
305
106
141
255
125
142
178
167
109
149
88
124
179
134
210
120
111
186
113
128
171
96
149
290
193
174
140
155
150
146
165
126
171
148
255
125
147
170
227
145
264
169
153
134
132
187
160
125
167
188
272
169
129
206
173
213
202
256
129
188
167
188
189
178
193
277
235
154
204
148
190
194
168
204
229
148
161
171
250
202
196
235
270
216
152
185
202
202
246
270
169
274
236
214
202
128
171
238
238
196
251
207
326
254
213
246
254
266
249
211
219
278
223
161
224
270
236
243
249
283
284
231
200
251
244
206
224
203
251
177
275
232
284
273
289
300
239
269
296
264
227
354
292
267
222
202
225
209
244
257
259
306
248
303
292
296
302
265
263
258
321
255
220
241
422
327
310
378
360
341
325
332
315
386
318
377
296
296
313
480
354
443
363
223
334
268
242
370
421
304
347
340
419
345
440
398
438
479
402
438
327
372
431
383
332
432
331
369
377
458
310
375
341
426
363
344
334
377
384
390
504
402
444
329
365
466
415
398
497
438
363
422
403
437
475
357
573
429
506
367
389
457
551
502
433
360
484
469
518
461
433
414
531
439
521
519
469
506
556
554
452
549
500
498
590
547
558
539
546
490
510
533
578
593
689
577
522
489
599
495
544
540
559
548
537
628
576
614
585
543
483
684
655
721
630
600
562
605
596
592
596
510
611
561
612
693
613
644
616
637
671
744
724
639
635
660
658
586
734
790
646
709
638
670
593
674
701
651
568
680
746
674
690
666
659
736
675
699
731
668
760
717
733
663
718
715
668
695
692
673
688
723
723
725
780
693
701
718
762
856
909
780
904
830
723
853
722
790
785
733
781
750
700
830
803
819
791
702
761
734
735
870
751
875
932
825
882
741
761
750
935
818
842
902
875
869
821
791
858
786
825
832
926
803
770
866
879
932
885
747
878
855
860
918
860
897
910
937
852
956
901
865
855
833
837
922
842
776
806
949
801
987
867
924
1010
1011
1037
923
934
916
822
930
1071
906
1075
1038
938
951
877
932
971
948
1006
958
901
899
1019
947
1076
985
1002
1110
928
1000
1046
994
990
963
1036
1106
1062
921
991
1038
1003
989
965
1056
989
937
978
987
946
1009
983
1139
969
1051
1039
996
1123
1010
962
1024
1049
1043
1011
941
1069
1068
1058
1093
1102
1025
1023
1040
1019
1054
1019
1123
1076
1011
1122
1110
1120
1097
952
1011
1029
1016
1204
940
1034
1003
1237
1149
1255
1159
1118
1100
1050
1127
1082
1142
1129
1121
1059
1217
1154
1009
1191
1039
1194
1001
1106
1141
1125
1091
1171
1107
1143
1149
1009
1067
1310
1129
1181
1166
1176
1076
1178
1195
1142
1117
1122
1076
1114
1110
1179
1238
1246
1112
1211
1165
1161
1215
1199
1133
1221
1164
1220
1238
1142
1175
1067
1099
1265
1124
1187
1195
1255
1279
1249
1215
1191
1109
1162
1160
1246
1250
1290
1140
1127
1073
1169
1307
1105
1182
1160
1185
1223
1324
1140
1188
1181
1145
1160
1250
1202
1245
1162
1229
1192
1249
1212
1217
1196
1220
1122
1199
1075
1181
1132
1127
1152
1053
1182
1319
1181
1223
1244
1194
1195
1179
1127
1146
1262
1152
1149
1147
1234
1221
1140
1232
1192
1193
1232
1265
1069
1239
1190
1210
1242
1187
1255
1223
1249
1188
1168
1141
1086
1216
1133
1155
1163
1207
1177
1130
1230
1163
1108
1188
1293
1168
1091
1199
1201
1189
1202
1237
1198
1129
1188
1287
1175
1125
1242
1152
1187
1190
1197
1141
1280
1131
1153
1173
1230
1288
1150
1071
1290
1333
1179
1075
1236
1212
1156
1277
1098
1182
1158
1254
1119
1143
1116
1252
1093
1173
1172
1205
1080
1216
1222
1283
1191
1129
1166
1120
1178
1106
1174
1209
1242
1275
1116
1137
1164
1225
1050
1158
1252
1172
1262
1123
1229
1163
1229
1093
1123
1155
1181
1109
1267
1079
1152
1172
1114
1141
1146
1160
1201
1182
1238
1190
1130
1275
1183
1181
1151
1081
1174
1058
1069
1078
1109
1056
1111
1091
1156
1129
1157
1078
1207
1131
1115
1180
1091
1022
1119
1052
1146
1123
1193
1110
1119
1012
1115
1193
1177
1193
1140
1174
1079
1210
1192
1132
1211
1130
1207
1058
1051
1111
1136
1039
918
1046
1053
996
1198
1105
1008
942
1081
1078
1062
1033
1015
1104
1092
1059
1074
975
1094
1099
1026
1080
1175
1148
1059
1152
1039
1123
1011
994
1133
943
986
1071
1045
1050
975
980
899
942
1011
989
1113
973
998
994
1008
986
1009
997
1033
989
951
1082
1146
972
991
999
1061
1016
936
938
951
946
898
976
942
919
869
907
967
850
921
1076
964
1060
948
996
911
942
959
829
846
940
909
960
1079
935
889
955
893
886
918
840
972
916
859
836
868
949
877
838
882
824
914
923
918
824
854
890
801
928
944
838
880
879
901
742
815
810
870
791
848
880
773
809
794
815
765
759
821
828
835
901
796
940
818
891
855
816
791
753
774
802
801
830
665
767
896
792
755
728
786
814
826
708
737
720
693
743
698
702
699
730
812
707
689
653
685
694
783
717
751
708
669
641
756
685
709
711
624
709
626
860
661
635
575
619
606
641
755
648
694
679
672
660
702
663
673
708
649
753
766
705
678
642
655
601
566
623
626
591
471
603
605
553
599
535
527
661
617
572
573
631
561
656
654
597
565
605
587
611
573
505
604
574
556
554
586
431
655
601
526
572
461
523
461
539
508
552
569
624
602
508
535
503
461
515
517
516
526
502
507
485
407
463
528
549
465
456
528
422
476
476
565
487
458
425
516
486
417
397
446
368
482
347
561
433
441
421
393
469
371
430
444
375
356
414
489
475
487
375
336
419
302
366
304
507
408
406
351
278
356
367
386
396
386
411
409
336
427
359
424
396
378
432
349
419
325
351
366
332
314
251
272
296
221
380
313
305
287
338
361
385
304
364
355
344
320
318
266
294
374
299
377
214
304
311
214
258
354
286
311
218
382
267
248
317
265
242
275
272
277
270
301
314
265
284
271
427
239
371
309
443
209
237
331
307
192
161
176
250
191
211
288
171
298
216
199
244
191
256
144
222
250
237
269
193
188
193
285
243
334
283
271
215
219
220
230
248
163
182
255
238
204
215
102
312
205
181
261
138
223
286
146
181
192
253
197
185
188
194
179
199
225
153
333
138
196
176
152
189
188
206
191
150
173
157
245
215
226
148
95
193
162
272
182
105
154
189
111
193
111
158
158
202
130
200
140
147
128
149
169
156
168
199
223
145
217
160
193
257
141
181
166
134
214
207
181
222
226
181
255
225
105
161
173
172
197
184
155
173
116
177
182
190
148
180
121
125
167
136
187
96
236
166
217
165
180
158
131
120
153
118
189
194
190
182
194
208
245
108
105
207
179
208
134
186
165
231
140
144
149
176
192
114
156
223
211
149
186
206
197
225
197
233
201
115
124
144
378
111
160
134
128
103
183
164
172
139
246
191
198
157
167
197
222
132
177
173
197
215
200
283
194
230
190
222
147
130
179
160
244
227
151
194
192
167
171
204
126
156
266
236
215
193
160
196
169
204
163
225
317
185
182
193
154
161
211
134
181
218
181
211
141
79
89
215
178
121
164
257
226
166
142
242
275
198
212
226
197
206
179
201
284
108
231
172
261
210
269
282
303
245
212
155
218
185
209
290
211
179
182
220
219
366
237
230
255
208
208
173
290
208
145
242
233
212
134
205
300
215
248
155
198
211
271
283
285
334
200
214
250
263
255
307
247
241
290
281
296
307
331
309
416
303
298
213
232
250
343
212
309
195
321
190
341
339
261
237
245
399
230
429
281
401
242
272
358
369
392
354
308
272
344
270
363
286
359
399
274
226
261
251
384
261
312
342
265
286
353
318
391
259
456
392
362
320
359
411
332
261
274
359
382
422
327
353
272
354
440
382
297
384
327
410
432
324
347
377
441
329
422
432
397
373
396
440
308
346
420
376
464
380
378
440
391
418
497
496
446
348
416
492
454
339
506
486
387
457
475
406
408
394
467
398
430
385
508
528
508
479
493
573
560
539
530
527
564
508
461
508
527
531
494
574
552
468
582
592
490
531
480
480
593
565
452
596
559
476
583
549
567
575
561
656
473
584
577
500
552
713
641
664
623
576
595
706
607
665
684
616
683
614
622
547
565
574
656
532
658
638
647
672
663
593
622
599
685
675
776
669
593
558
632
677
612
622
685
659
642
706
660
799
624
829
628
745
659
773
671
818
647
740
781
812
774
777
829
899
776
873
841
732
771
719
753
801
829
779
650
756
732
735
748
755
775
795
933
872
839
784
897
868
867
852
821
916
750
835
781
894
813
863
807
753
889
918
962
808
859
873
845
759
904
867
867
1002
838
824
930
856
859
902
962
1061
1064
920
1011
975
1078
971
1047
995
921
999
912
941
846
1066
826
908
893
1076
916
1033
964
1013
976
998
995
1010
998
1092
1041
1046
996
1055
1008
1029
1029
1064
995
1009
967
978
1070
1162
1164
1163
1024
997
1148
1043
1155
1127
1188
1100
1022
1041
1087
1025
998
1094
1072
1134
1051
1089
1117
1067
1082
1043
1139
1106
1086
1236
1166
1044
1213
1140
1111
1033
1062
1183
1164
1044
1211
1050
1105
1045
1246
1129
1256
1119
1209
1202
1207
1230
1182
1311
1183
1225
1340
1187
1189
1163
1185
1176
1159
1190
1122
1272
1275
1177
1140
1242
1259
1217
1430
1135
1124
1296
1258
1416
1260
1245
1261
1285
1203
1373
1177
1160
1297
1363
1171
1172
1195
1144
1330
1217
1302
1096
1436
1278
1532
1256
1217
1276
1228
1344
1247
1284
1349
1488
1285
1446
1305
1238
1351
1264
1231
1212
1267
1394
1340
1370
1427
1435
1397
1316
1401
1357
1366
1544
1329
1343
1439
1399
1415
1459
1497
1377
1421
1419
1378
1292
1412
1276
1296
1389
1349
1353
1299
1376
1357
1307
1303
1431
1310
1318
1397
1329
1297
1422
1317
1416
1368
1357
1345
1412
1370
1479
1367
1377
1482
1343
1438
1415
1334
1413
1405
1404
1346
1354
1400
1592
1507
1401
1389
1348
1433
1348
1457
1458
1489
1472
1538
1440
1459
1490
1414
1374
1402
1399
1475
1521
1497
1397
1388
1342
1465
1357
1511
1423
1419
1506
1403
1399
1404
1544
1425
1374
1329
1398
1386
1396
1409
1470
1382
1493
1441
1471
1300
1432
1379
1470
1464
1430
1429
1407
1275
1420
1386
1412
1385
1484
1372
1435
1436
1476
1337
1493
1437
1422
1393
1327
1516
1334
1360
1418
1478
1360
1478
1486
1480
1414
1357
1378
1453
1539
1358
1407
1448
1473
1371
1503
1407
1319
1546
1433
1322
1359
1395
1384
1372
1444
1528
1383
1370
1401
1460
1365
1332
1489
1350
1422
1396
1404
1429
1549
1345
1459
1276
1452
1407
1568
1371
1423
1362
1380
1460
1463
1438
1384
1541
1380
1406
1469
1489
1319
1408
1444
1430
1439
1533
1344
1391
1395
1286
1571
1358
1408
1330
1539
1520
1450
1469
1427
1441
1443
1365
1453
1633
1500
1458
1648
1452
1434
1348
1416
1406
1453
1316
1417
1475
1459
1514
1389
1420
1430
1463
1338
1320
1379
1305
1357
1349
1386
1343
1446
1316
1291
1413
1382
1310
1392
1402
1389
1385
1366
1376
1328
1347
1370
1296
1405
1332
1410
1459
1308
1404
1501
1328
1391
1392
1379
1478
1341
1417
1329
1218
1349
1287
1234
1359
1284
1436
1374
1247
1339
1315
1302
1211
1299
1392
1277
1303
1337
1347
1309
1354
1324
1365
1358
1268
1342
1288
1263
1275
1349
1387
1420
1308
1350
1226
1269
1221
1332
1338
1429
1198
1273
1275
1327
1257
1216
1298
1255
1405
1312
1183
1365
1180
1227
1213
1228
1337
1199
1210
1236
1128
1204
1126
1277
1267
1212
1141
1218
1305
1247
1088
1193
1415
1259
1275
1160
1222
1196
1174
1209
1198
1043
1167
1262
1154
1202
1167
1276
1040
1270
1187
1198
1092
1127
1109
1071
1180
1271
1117
1109
1240
1164
1254
1129
1158
1027
1042
1088
1047
1020
1156
978
1128
1122
1075
1124
988
1014
1000
1173
1026
1058
1085
1108
949
1112
1077
1071
978
948
1135
1051
988
854
1049
1075
962
1109
1041
898
985
1005
1114
928
866
935
924
1029
988
897
917
964
983
1049
992
923
986
896
942
1014
921
965
929
858
1016
1018
949
929
872
991
944
784
958
989
817
913
815
997
951
954
1113
1017
946
925
967
882
932
878
786
857
840
789
903
861
889
812
999
752
834
849
832
919
751
763
839
834
847
756
834
792
696
712
823
728
688
712
886
761
869
798
808
744
870
695
824
744
802
630
645
799
716
709
789
775
724
650
699
810
688
798
758
669
803
752
661
697
766
691
676
723
749
559
621
558
571
731
609
632
606
620
684
589
727
593
596
737
617
553
666
592
640
527
679
694
603
634
568
531
684
652
681
624
612
552
667
634
478
463
511
476
471
633
510
592
768
515
485
569
546
626
541
495
540
734
517
461
574
523
566
540
624
502
472
462
485
518
424
481
484
569
416
476
569
482
481
472
513
478
453
464
401
385
469
479
508
479
414
480
404
532
529
429
383
395
403
592
442
500
398
466
371
329
311
346
477
394
354
396
347
363
277
375
371
412
429
317
396
413
530
398
311
380
297
360
270
309
307
334
481
373
304
343
345
481
338
335
373
466
369
483
343
320
323
298
391
314
280
340
322
295
272
323
321
467
357
269
251
277
320
337
271
272
295
212
217
272
346
314
283
273
204
297
377
255
296
282
313
296
309
353
272
353
271
266
246
336
161
217
280
339
278
274
333
243
266
201
278
235
427
288
192
232
197
179
235
157
331
257
189
214
218
275
231
211
275
286
212
219
261
204
242
333
295
340
299
215
230
183
265
186
200
305
182
260
309
257
301
265
104
303
209
237
199
186
211
215
231
196
196
178
213
193
156
263
148
209
252
184
98
280
148
225
243
158
237
287
156
268
163
207
174
267
209
179
215
135
140
162
214
240
287
213
178
152
261
216
192
175
215
144
223
171
324
183
177
226
234
167
197
187
282
273
156
194
177
113
231
187
161
242
203
215
244
203
131
218
194
228
206
131
246
223
152
192
165
149
194
177
179
194
141
258
180
204
212
181
134
176
175
92
132
243
258
118
126
190
192
255
282
162
287
393
242
320
247
301
189
214
120
205
184
225
208
196
154
204
232
253
170
209
196
218
287
163
150
212
137
183
173
153
240
244
190
269
161
296
195
298
230
168
151
206
216
181
110
247
152
220
154
177
136
248
213
253
232
212
189
220
191
262
215
154
214
219
366
198
201
213
200
243
183
254
157
223
213
234
188
144
272
174
238
304
326
287
207
222
175
233
252
193
266
199
266
286
192
319
177
188
245
253
190
279
257
144
242
283
246
240
223
227
210
203
227
246
236
306
279
354
235
296
240
277
297
218
278
325
276
391
309
312
253
309
193
264
316
221
234
265
286
293
314
254
306
396
231
226
289
235
235
280
316
294
271
310
250
281
329
282
270
305
252
231
330
335
365
306
270
339
334
279
420
286
449
442
480
480
291
301
311
345
341
344
439
287
377
404
405
356
357
329
281
368
381
434
371
369
384
466
471
513
377
421
388
372
402
460
464
372
362
469
458
388
409
451
376
339
427
428
434
357
526
423
374
564
545
427
473
477
447
487
436
487
448
588
452
487
455
563
636
472
482
471
403
506
527
498
519
556
471
594
498
547
542
513
538
503
519
580
575
588
649
517
602
632
610
520
497
489
559
568
480
490
569
557
568
637
674
640
599
587
567
634
596
585
492
577
527
569
646
735
637
556
636
578
632
643
642
712
613
627
650
700
572
726
655
729
649
628
664
645
751
687
688
717
744
678
689
763
719
722
668
563
700
744
799
787
715
669
716
899
764
873
819
631
735
744
825
735
710
959
792
720
762
927
778
816
753
727
847
875
876
737
979
1056
719
909
863
1001
963
755
742
917
864
829
828
905
901
970
848
883
970
948
862
937
935
965
1002
891
907
849
861
873
965
922
1068
1019
827
1044
905
989
955
948
982
848
1088
1009
1020
968
1055
961
994
985
1020
962
1004
1047
968
1076
1078
955
1123
1053
997
1004
993
1077
1218
1110
1117
1198
1171
1036
1042
1109
1133
1173
1296
1135
1041
1236
978
1172
1029
1059
1032
1044
1073
958
1198
1198
1263
1187
1197
1267
1050
1044
1070
1175
1221
1120
1229
1330
1023
1236
1157
1164
1032
1214
1296
1204
1166
1187
1301
1231
1054
1283
1187
1227
1119
1291
1265
1222
1236
1222
1136
1212
1321
1134
1242
1270
1220
1287
1325
1289
1245
1276
1237
1249
1259
1257
1169
1301
1251
1220
1321
1334
1262
1221
1175
1190
1269
1359
1305
1290
1414
1325
1307
1226
1375
1337
1308
1126
1337
1349
1286
1182
1256
1384
1294
1294
1275
1371
1458
1356
1426
1420
1361
1423
1337
1397
1263
1370
1433
1300
1540
1366
1404
1430
1315
1361
1302
1376
1289
1416
1389
1378
1412
1384
1367
1447
1517
1479
1290
1519
1382
1400
1343
1388
1384
1517
1394
1536
1460
1373
1429
1329
1589
1430
1336
1287
1633
1390
1584
1467
1423
1334
1579
1480
1471
1482
1528
1606
1482
1463
1446
1502
1496
1603
1574
1544
1451
1456
1516
1473
1429
1427
1369
1539
1503
1474
1363
1451
1432
1534
1488
1466
1493
1417
1538
1411
1412
1542
1483
1493
1469
1530
1450
1444
1585
1577
1573
1537
1636
1521
1525
1657
1558
1515
1535
1534
1606
1504
1493
1567
1362
1637
1562
1491
1516
1641
1483
1560
1549
1522
1597
1603
1462
1520
1366
1589
1493
1577
1432
1494
1608
1563
1669
1497
1536
1508
1648
1438
1533
1524
1633
1423
1537
1496
1425
1480
1528
1613
1624
1481
1495
1619
1490
1543
1370
1547
1506
1546
1719
1573
1518
1484
1440
1597
1495
1563
1482
1499
1534
1616
1564
1726
1550
1465
1479
1660
1602
1623
1498
1625
1532
1540
1559
1555
1641
1520
1449
1622
1732
1478
1539
1481
1390
1583
1506
1501
1493
1642
1624
1661
1389
1438
1473
1461
1721
1593
1568
1602
1536
1484
1451
1528
1464
1660
1476
1488
1528
1604
1484
1534
1540
1569
1523
1566
1504
1479
1549
1643
1700
1766
1452
1605
1496
1546
1459
1434
1803
1638
1513
1558
1532
1577
1612
1556
1536
1512
1572
1516
1594
1468
1472
1476
1586
1562
1505
1514
1567
1745
1495
1549
1541
1567
1717
1493
1531
1549
1609
1525
1510
1558
1576
1553
1640
1483
1494
1536
1333
1458
1597
1623
1344
1395
1495
1407
1541
1485
1532
1478
1473
1466
1646
1482
1433
1441
1607
1572
1538
1566
