Insert ARRIVAL event in providerSet 0 at ts 0
159
233
221
213
106
179
187
198
182
292
180
154
216
165
216
178
239
138
213
207
177
166
223
172
247
249
122
227
196
193
238
262
165
253
160
140
207
171
231
153
98
266
259
232
157
190
94
249
209
234
184
191
217
397
300
262
179
289
220
206
154
269
197
168
149
308
146
286
158
148
195
132
223
280
210
187
127
163
252
136
182
209
361
146
262
228
196
266
241
314
325
270
176
243
226
209
254
232
300
404
250
286
277
169
219
234
276
278
237
292
219
300
312
229
147
263
271
199
263
174
285
332
248
270
184
183
360
261
247
250
271
294
286
307
297
276
321
330
217
281
258
212
309
208
284
226
274
232
207
202
218
303
354
322
307
237
343
297
376
279
434
362
204
220
296
285
318
254
348
390
271
241
330
282
339
198
227
299
353
286
287
337
364
281
386
303
382
467
373
510
327
344
357
321
307
320
358
294
260
289
294
280
404
397
250
434
430
420
394
338
467
440
516
454
467
311
431
361
337
248
370
425
394
504
391
465
423
393
457
365
395
423
376
402
444
504
459
473
413
456
408
471
549
476
410
451
451
487
462
389
489
365
423
552
576
583
470
541
522
456
438
555
473
432
476
457
556
525
586
442
564
572
546
409
490
589
588
572
572
638
578
550
478
487
724
546
564
579
506
498
500
668
622
670
584
607
551
478
575
704
553
639
609
595
722
474
596
607
647
585
770
615
573
688
728
751
683
689
647
671
696
661
629
658
671
696
764
650
729
624
592
619
669
830
833
816
814
756
760
616
740
784
737
771
897
680
808
669
671
795
686
779
847
787
783
779
802
800
804
766
783
840
844
788
784
920
732
740
779
733
837
792
829
855
747
796
728
740
862
829
981
938
869
814
785
789
860
891
844
860
776
939
943
920
996
900
911
903
821
920
961
857
912
979
970
813
938
814
956
874
914
922
925
935
1040
980
939
1088
977
870
1045
883
978
893
849
1012
951
901
952
1109
975
907
999
1025
934
1050
969
1019
1094
1074
976
970
1005
1074
1003
1020
952
1091
913
1013
1125
1136
1065
1110
1116
1109
1086
1132
1120
1080
962
996
1117
1072
1104
1073
1206
1116
1102
955
1070
1209
1022
1220
1049
1119
1129
1107
1194
1112
1144
1044
1101
1193
1068
1099
1175
1143
1160
1218
1160
1283
1117
1212
1172
1051
1269
1122
1238
1151
1343
1195
1168
1094
1280
1218
1154
1139
1233
1169
1129
1215
1173
1114
1270
1215
1188
1227
1180
1247
1243
1251
1326
1084
1186
1416
1267
1315
1216
1246
1370
1372
1389
1292
1285
1288
1190
1282
1211
1287
1224
1335
1347
1160
1219
1219
1334
1408
1287
1273
1319
1379
1357
1188
1267
1280
1333
1310
1394
1156
1294
1406
1291
1342
1352
1341
1369
1299
1307
1369
1331
1296
1334
1228
1247
1312
1320
1266
1351
1308
1390
1335
1305
1444
1498
1377
1241
1355
1521
1407
1428
1346
1522
1478
1420
1279
1292
1450
1410
1277
1334
1284
1246
1262
1437
1416
1378
1392
1410
1381
1404
1384
1273
1460
1281
1544
1377
1465
1401
1324
1426
1500
1507
1400
1365
1380
1450
1433
1289
1368
1256
1355
1369
1392
1316
1288
1395
1392
1405
1442
1381
1361
1457
1511
1444
1500
1382
1450
1412
1524
1487
1448
1494
1449
1321
1362
1569
1381
1409
1560
1555
1484
1327
1488
1566
1407
1373
1352
1407
1412
1354
1397
1481
1522
1416
1362
1479
1385
1379
1380
1407
1493
1401
1409
1479
1380
1494
1368
1404
1347
1458
1397
1307
1484
1467
1387
1370
1383
1565
1506
1362
1369
1404
1497
1347
1453
1232
1340
1440
1497
1564
1460
1398
1453
1449
1481
1536
1344
1402
1475
1391
1405
1468
1407
1500
1437
1422
1435
1410
1417
1414
1441
1456
1348
1442
1330
1374
1379
1454
1438
1333
1409
1386
1383
1510
1434
1448
1436
1395
1556
1439
1469
1317
1442
1350
1347
1501
1459
1278
1442
1395
1342
1407
1566
1438
1473
1354
1388
1401
1454
1543
1402
1462
1403
1500
1360
1458
1359
1437
1441
1410
1425
1454
1438
1339
1388
1410
1573
1253
1346
1441
1421
1447
1515
1375
1480
1392
1363
1407
1511
1428
1534
1384
1444
1392
1406
1311
1302
1383
1360
1340
1253
1259
1312
1413
1464
1231
1349
1321
1327
1396
1404
1341
1326
1390
1295
1443
1327
1353
1303
1428
1443
1325
1275
1366
1268
1423
1373
1358
1358
1372
1484
1316
1401
1418
1514
1296
1175
1412
1300
1341
1376
1278
1300
1277
1338
1328
1377
1216
1261
1373
1185
1357
1371
1298
1348
1419
1330
1329
1343
1278
1369
1285
1314
1350
1320
1384
1317
1123
1225
1247
1267
1305
1296
1208
1307
1278
1276
1471
1343
1353
1357
1305
1179
1251
1225
1255
1251
1164
1326
1244
1260
1260
1189
1197
1118
1130
1293
1233
1237
1082
1464
1321
1288
1276
1189
1125
1379
1186
1147
1239
1097
1220
1272
1208
1130
1354
1104
1147
1140
1090
1154
1179
1198
1190
1108
1182
1162
1085
1232
1038
1083
1175
1117
1146
1166
1205
1140
1233
1148
1119
1034
990
1080
981
938
1125
975
921
1081
1090
1103
970
970
1023
1106
1007
1101
1098
1127
1004
1079
1026
1045
1029
1056
1088
983
1103
1106
1160
883
927
979
937
1072
1005
1040
984
1040
1013
974
1072
890
930
881
907
955
961
928
1021
828
968
959
1015
1168
963
926
890
982
963
990
980
957
1128
1013
936
898
984
917
952
907
836
928
1046
927
931
897
850
897
941
789
892
782
732
815
833
798
852
996
912
868
778
880
774
911
768
786
816
914
1089
869
917
746
749
791
721
811
782
755
865
732
701
684
855
768
782
730
661
873
789
728
715
790
700
676
803
696
625
701
629
715
733
724
682
776
581
712
847
726
703
640
824
752
746
630
607
562
734
746
606
758
711
650
845
628
695
630
663
662
629
553
611
534
633
721
501
671
528
523
706
497
534
618
697
672
745
675
752
609
551
549
638
739
483
579
640
511
566
569
523
597
492
514
513
650
491
537
590
525
490
515
470
495
559
431
422
398
579
491
490
721
548
434
529
590
507
420
540
484
480
380
459
599
462
328
503
471
463
470
533
376
394
508
371
554
476
458
421
435
502
391
396
401
358
356
384
366
400
416
443
447
429
448
354
394
483
534
338
446
371
443
442
375
337
340
448
335
385
462
400
361
362
332
333
306
410
336
301
374
324
358
338
429
331
284
321
374
317
284
308
359
268
291
322
411
359
272
270
265
285
266
276
299
461
383
360
452
326
537
246
288
308
324
262
340
198
175
177
272
285
232
226
316
265
284
247
263
344
307
221
233
272
288
282
279
233
193
291
368
252
238
304
316
224
294
207
160
263
184
200
199
221
206
518
239
215
259
286
186
202
185
135
217
171
134
311
161
276
198
225
264
276
223
295
282
184
240
300
240
201
165
244
187
202
224
326
271
181
193
302
239
255
217
214
143
254
128
187
173
216
290
219
204
158
213
142
165
246
277
155
276
146
200
206
209
269
241
179
145
194
207
319
250
298
197
200
212
228
254
209
194
191
258
239
196
293
159
247
334
212
287
271
178
177
181
166
215
245
194
214
195
158
171
191
166
218
157
269
176
102
101
151
163
200
209
156
203
161
159
138
177
183
161
164
179
149
186
146
138
245
296
201
156
234
206
237
183
233
142
201
169
224
240
178
255
253
212
144
208
123
203
245
136
226
104
225
191
179
199
176
164
185
150
169
150
186
196
151
175
191
200
213
116
273
167
268
179
228
241
211
231
312
262
147
181
188
212
292
227
165
223
181
260
213
147
224
232
151
212
154
158
183
156
252
266
185
184
263
199
192
184
256
146
387
218
173
178
192
292
287
190
138
182
219
197
237
327
278
399
336
190
248
221
210
250
209
270
326
163
215
239
238
196
231
172
212
266
156
178
215
244
355
226
238
232
403
282
171
345
167
321
185
291
213
277
227
399
205
253
220
387
338
241
294
303
221
286
232
254
284
279
300
241
333
286
235
234
260
226
345
316
338
347
263
217
300
304
391
310
370
366
276
319
313
294
365
335
290
258
259
361
274
408
376
298
276
286
303
185
410
388
275
312
382
252
428
494
314
382
368
303
342
262
377
251
339
308
287
390
332
323
400
365
404
326
249
272
264
468
467
329
332
361
308
395
321
413
427
403
362
418
315
487
390
391
447
323
393
496
303
384
566
640
447
482
352
537
462
613
408
409
383
477
459
443
308
405
395
407
456
414
644
552
528
582
442
487
449
610
545
462
492
477
561
592
574
607
417
508
630
459
432
548
560
578
511
532
524
548
421
500
635
588
578
556
451
620
536
553
493
550
500
591
617
649
610
658
601
757
639
485
785
609
668
638
534
649
540
617
611
674
623
597
625
632
642
661
786
707
702
739
720
655
731
624
637
753
718
530
781
643
671
774
725
806
790
630
684
582
705
780
788
748
764
680
688
673
645
802
623
772
774
702
726
692
769
864
812
695
833
880
722
859
762
816
780
795
821
753
806
899
853
937
822
738
777
950
847
877
835
809
840
826
791
868
905
935
849
756
870
870
1014
1097
921
839
906
955
914
756
828
831
877
857
781
878
1002
896
807
895
861
942
975
962
931
859
1013
1106
1070
1050
950
924
993
956
892
893
895
899
943
1119
1030
1032
1063
969
1018
996
999
976
1034
1029
1006
1043
957
1041
950
1037
1015
1074
1065
1022
1057
1161
1081
1146
1101
1080
1059
1036
1041
1096
1027
1128
1139
1021
1107
1059
1029
1075
1115
1079
1062
1221
1137
1168
1239
1191
1132
1198
1087
1152
1069
1085
1071
1094
1171
1171
1086
1229
925
1104
1176
1372
1134
1071
1150
1118
1216
1289
1301
1161
1053
1243
1272
1132
1215
1091
1177
1167
1212
1200
1358
1169
1199
1101
1241
1292
1191
1078
1182
1330
1160
1365
1100
1289
1234
1282
1173
1262
1174
1237
1117
1210
1283
1254
1351
1306
1294
1201
1416
1248
1149
1271
1242
1341
1292
1354
1246
1148
1255
1307
1240
1303
1368
1366
1274
1308
1316
1265
1250
1294
1452
1196
1369
1226
1300
1333
1462
1380
1290
1275
1225
1292
1304
1317
1197
1301
1399
1299
1373
1378
1433
1524
1350
1267
1282
1388
1359
1343
1446
1208
1317
1237
1375
1404
1378
1474
1483
1290
1449
1256
1353
1364
1448
1349
1386
1418
1424
1429
1303
1453
1378
1329
1404
1405
1435
1400
1331
1408
1370
1595
1614
1332
1378
1344
1422
1423
1523
1395
1369
1541
1467
1259
1476
1404
1469
1354
1325
1397
1417
1451
1507
1556
1319
1370
1422
1455
1298
1505
1312
1473
1525
1300
1376
1450
1411
1353
1414
1446
1428
1407
1518
1486
1382
1487
1442
1504
1456
1406
1447
1445
1471
1551
1273
1333
1366
1417
1461
1483
1345
1390
1279
1419
1354
1402
1411
1572
1536
1480
1379
1404
1463
1316
1500
1463
1475
1451
1450
1346
1404
1419
1535
1485
1474
1388
1427
1391
1358
1486
1396
1499
1346
1401
1423
1306
1336
1479
1439
1314
1416
1454
1353
1463
1678
1400
1385
1395
1451
1479
1469
1333
1336
1425
1384
1404
1497
1501
1515
1393
1553
1371
1410
1507
1375
1311
1418
1392
1314
1426
1390
1362
1427
1505
1419
1502
1386
1475
1401
1399
1535
1319
1419
1324
1407
1440
1372
1474
1374
1297
1424
1483
1456
1396
1428
1447
1419
1536
1423
1539
1515
1296
1402
1519
1382
1373
1429
1355
1481
1394
1396
1431
1361
1425
1259
1375
1371
1455
1442
1408
1409
1281
1452
1321
1482
1313
1298
1380
1387
1347
1287
1306
1444
1292
1371
1359
1286
1367
1354
1339
1330
1275
1275
1270
1354
1391
1276
1323
1476
1290
1314
1302
1427
1409
1430
1335
1447
1438
1467
1177
1368
1406
1395
1343
1335
1370
1385
1312
1173
1205
1286
1312
1237
1217
1299
1185
1340
1418
1373
1115
1391
1332
1357
1306
1352
1214
1234
1276
1324
1263
1292
1375
1246
1209
1319
1200
1262
1261
1345
1262
1167
1288
1151
1299
1228
1181
1186
1285
1359
1352
1276
1161
1161
1236
1267
1208
1425
1302
1184
1300
1196
1138
1253
1267
1372
1401
1159
1281
1155
1116
1186
1282
1241
1249
1176
1160
1017
1116
1122
1301
1176
1261
1189
1111
1162
1175
1155
1149
1213
1191
1135
1043
1059
1045
984
1044
1107
1107
1195
941
1050
1072
1168
1120
1051
1113
1143
1163
1202
1127
1075
1122
1236
1001
1223
1035
1018
1131
989
942
1236
1048
1122
1231
931
1170
1203
1019
1004
1040
1048
1167
1097
1026
1034
1091
967
963
981
987
964
959
1147
1035
1008
1020
1050
888
943
1100
1024
1068
955
961
1008
1040
877
1057
960
912
986
876
1081
951
963
963
980
970
1003
935
1002
988
992
963
911
902
958
933
920
883
915
775
1006
918
957
862
904
909
1040
944
911
920
1022
922
881
868
830
660
875
772
819
945
818
825
823
809
798
814
767
1019
718
955
867
861
876
615
876
770
711
755
814
765
805
795
678
765
763
739
886
832
854
820
758
781
733
887
908
778
737
631
705
767
718
629
799
763
648
712
773
773
689
719
699
650
684
711
790
603
721
659
644
635
597
645
696
618
609
665
674
801
738
690
595
577
565
614
598
495
642
600
646
700
606
632
617
568
634
673
576
643
516
555
603
623
475
674
519
480
493
547
559
531
578
531
557
575
528
559
482
594
575
446
509
470
455
484
396
510
465
562
483
588
563
496
546
460
585
488
449
475
524
488
450
373
450
413
561
378
440
356
481
577
452
388
496
373
479
453
453
413
451
376
425
424
303
306
400
419
364
382
331
375
370
377
466
342
467
362
405
367
403
387
435
389
378
468
324
384
344
367
347
297
362
348
321
292
279
402
309
477
237
316
303
407
276
344
301
265
451
319
261
399
361
335
344
380
352
274
276
242
238
285
304
344
248
281
285
279
300
281
201
245
273
341
231
258
350
395
364
246
199
186
190
301
261
404
331
235
345
332
242
246
332
238
308
363
281
284
253
298
282
343
278
173
220
201
233
186
232
214
254
160
231
202
238
183
201
289
206
224
183
254
250
284
279
155
215
233
217
265
236
270
343
257
201
203
250
230
241
182
304
121
256
247
255
233
177
209
270
172
191
223
126
136
166
180
169
383
180
152
140
202
346
316
274
165
169
170
188
169
221
222
131
217
222
261
157
279
214
204
194
163
186
153
210
241
219
202
126
169
169
160
259
155
187
193
280
162
167
202
169
229
241
198
235
174
154
154
175
215
201
201
188
169
223
146
165
169
214
244
190
191
310
235
189
172
138
154
287
221
211
232
110
131
250
164
243
125
169
258
260
173
244
153
163
261
256
196
318
191
158
139
161
133
162
192
114
157
142
201
119
132
81
99
144
122
134
96
124
127
109
123
163
151
137
126
199
207
203
142
113
123
145
174
171
251
122
84
144
174
171
161
203
202
101
186
166
175
166
135
110
132
201
112
295
151
114
145
109
156
184
164
187
172
140
139
94
123
177
103
148
184
215
163
162
117
166
194
122
157
130
91
172
84
122
180
98
97
132
120
199
192
99
127
131
158
99
103
161
126
192
134
157
228
182
206
103
187
150
157
206
158
119
136
173
252
189
154
147
157
315
245
191
219
210
201
196
217
141
221
206
204
175
211
297
219
185
112
315
182
226
202
184
294
285
225
163
222
160
217
210
278
227
181
261
243
320
242
182
220
180
211
203
230
220
204
214
205
262
260
233
237
256
217
230
319
315
217
210
188
178
278
290
221
198
264
299
301
221
257
257
234
274
258
283
330
281
312
357
212
357
188
353
281
256
327
219
245
279
324
373
230
226
327
202
197
281
293
359
368
380
311
330
292
291
339
315
264
291
309
313
319
424
298
272
362
287
355
290
424
258
405
310
369
312
320
288
414
360
372
375
423
377
411
311
414
372
405
385
339
339
439
333
365
321
371
357
363
343
445
445
414
377
392
368
488
421
458
488
394
430
394
406
464
404
383
490
427
423
443
409
470
412
501
448
462
443
426
409
374
424
487
484
531
501
540
485
470
460
506
455
441
509
445
447
445
532
482
513
504
498
437
529
463
463
458
498
458
475
490
526
495
549
536
584
545
541
491
523
525
551
582
507
481
517
518
583
482
517
539
542
490
528
561
633
566
663
597
563
611
613
654
530
631
621
630
647
583
615
641
594
564
599
581
603
580
648
508
636
583
688
623
670
647
590
677
583
613
679
657
650
679
663
660
544
680
668
599
634
584
633
596
632
760
646
820
646
723
690
669
743
717
738
668
710
631
725
754
735
687
681
712
679
675
743
732
642
688
781
630
687
717
743
798
709
755
763
716
774
712
735
913
750
816
800
774
792
762
786
731
744
750
787
795
752
833
845
834
755
770
854
817
862
761
772
873
808
835
816
818
874
792
867
931
811
813
879
915
841
936
821
894
887
944
807
877
843
777
843
898
899
957
909
855
879
884
932
937
1001
845
826
874
918
871
948
865
804
908
896
900
771
907
853
811
922
802
895
799
929
825
911
962
896
924
954
877
998
952
903
888
956
967
929
1001
914
974
964
1007
947
923
903
984
981
936
991
1028
914
949
906
847
909
911
905
904
878
929
1025
878
1056
1099
1123
962
949
1074
944
1081
1026
954
1000
963
939
974
1021
985
1052
1033
1038
961
938
969
1072
1071
1002
956
995
963
961
940
945
968
1091
973
1042
954
991
1029
1032
976
967
918
919
939
1022
1086
951
1131
1030
1068
1058
1013
1035
1030
1055
932
1075
1046
1044
1176
1096
1075
1091
1030
1149
1063
1128
1135
1068
1026
1032
1094
1144
1166
1100
1112
1039
1103
1029
1036
1048
1093
1034
1019
1111
1064
1050
1048
1102
961
1129
1025
982
1109
1152
1035
1194
1028
983
1137
1039
1033
1098
1079
1044
1055
1066
950
1101
1098
1038
1085
1129
1119
1080
1126
1085
1056
1015
1040
1082
1031
1099
1023
1014
1015
1063
1025
1076
1114
1183
1125
1109
1042
1099
970
1030
983
1081
1053
998
1005
1075
994
1197
1043
1035
1114
1038
1103
1075
1097
965
1093
1118
996
1028
1090
1111
1091
1147
1110
1127
1111
1040
1040
1024
1026
1066
1197
997
1020
997
1073
1020
1094
1113
964
1204
1063
996
1038
1096
1059
1073
1028
1226
1041
1064
1101
1078
1029
1043
1042
1059
1061
1069
1119
1108
1093
1010
1055
1067
1088
1039
1004
1121
1109
1036
1040
1058
1064
1151
974
1035
1041
1033
986
1116
1057
1036
1084
1076
1007
1096
1012
1073
1057
1121
1010
1007
1099
1101
1039
1010
1013
1096
1073
1097
997
1027
1143
1059
972
1032
1103
1031
1095
1111
1115
1113
1100
951
1029
1015
1028
1160
1114
1038
1074
1005
1061
1051
1009
1061
981
1067
954
1063
1025
949
1044
1042
1011
1018
1012
977
969
1047
963
1034
1014
1043
1025
1016
968
1018
879
1108
894
952
1049
1069
984
985
966
1095
973
1011
970
1042
1038
1027
1014
1018
1016
946
992
1072
975
908
904
900
1048
994
907
937
963
909
943
971
1005
861
1027
924
911
881
909
974
905
878
949
979
848
957
955
1093
1042
924
952
949
837
1014
918
899
937
911
874
877
824
896
864
957
855
992
823
887
883
816
941
896
915
874
774
902
857
891
869
1009
919
915
878
890
926
859
904
926
796
831
918
937
885
815
760
944
889
712
864
933
865
786
771
784
942
792
778
764
773
820
837
782
800
873
807
834
875
829
745
973
882
793
761
666
883
794
711
717
767
734
765
774
726
710
796
730
835
806
799
756
801
730
852
761
759
748
880
755
729
759
747
692
736
654
763
635
666
708
677
758
776
652
679
764
685
729
800
649
651
719
689
717
687
745
716
669
632
649
647
637
704
673
680
663
588
549
630
602
663
575
712
683
767
620
620
771
632
661
698
628
682
597
621
631
540
595
544
576
632
588
630
605
612
617
681
610
585
631
549
552
621
564
534
579
622
681
506
538
617
601
549
513
513
457
498
505
530
502
605
576
511
515
562
549
565
579
539
537
564
564
477
480
502
459
404
451
449
506
428
529
529
427
481
459
501
423
372
467
389
455
499
502
499
503
434
451
419
479
503
368
451
474
401
354
371
466
568
428
410
517
440
453
404
397
539
418
402
435
426
321
508
411
488
433
410
485
353
376
312
432
313
367
391
391
376
415
311
505
444
388
263
304
382
379
428
404
387
348
432
366
369
411
309
322
291
257
263
315
288
353
264
348
334
410
287
331
283
338
436
338
307
341
253
236
295
323
276
394
327
281
337
286
258
291
292
294
244
266
257
229
283
294
249
241
263
376
244
219
256
293
313
202
245
303
425
260
281
238
293
252
329
259
236
336
203
189
225
177
175
215
250
176
252
203
169
233
249
226
229
219
222
252
316
178
240
223
204
237
280
173
249
151
251
209
203
177
259
241
304
209
171
174
167
175
198
166
269
175
248
166
258
114
174
138
157
195
136
195
101
175
234
151
144
134
154
160
130
212
231
172
206
177
160
153
173
137
192
154
223
184
133
193
197
220
191
181
138
205
121
211
148
194
159
173
175
143
216
148
132
172
128
139
138
124
98
156
101
69
163
188
131
116
152
113
102
170
111
150
121
79
112
223
140
219
136
209
147
114
134
85
141
155
113
198
107
140
179
119
180
239
158
177
153
103
166
155
116
149
131
116
141
100
85
173
125
152
141
182
120
154
269
178
168
144
106
125
173
99
103
164
179
168
90
198
110
156
156
112
165
154
121
138
151
135
127
187
180
150
161
119
220
196
99
129
117
62
150
137
104
118
116
139
188
179
146
134
177
143
145
286
210
170
197
240
191
183
247
179
115
165
198
151
156
152
154
179
112
255
333
237
209
154
214
128
260
132
166
256
192
171
287
236
186
181
175
289
181
255
180
238
331
178
239
207
274
196
245
166
162
239
204
184
188
268
185
234
163
182
223
335
159
208
163
355
167
221
199
167
185
213
226
257
271
289
151
195
288
276
238
330
186
241
344
283
414
170
277
294
221
253
213
384
220
274
210
247
295
200
180
222
220
349
223
207
241
199
179
188
187
159
277
154
179
195
283
288
309
289
233
401
341
225
264
358
237
268
289
207
301
395
337
242
264
182
338
230
353
161
253
247
260
304
321
316
274
288
271
257
215
421
469
367
363
376
273
277
358
326
277
327
232
362
275
393
379
373
275
383
325
311
354
447
313
403
385
277
313
366
386
325
444
303
383
388
261
474
436
400
328
439
240
273
365
482
426
371
493
365
368
448
445
405
407
448
442
546
365
400
391
335
416
460
486
423
507
385
466
587
530
515
333
525
557
480
491
343
474
386
473
419
400
516
627
406
560
512
464
492
519
455
500
446
505
578
488
508
327
494
519
447
473
534
614
565
432
583
486
595
609
508
628
614
541
581
490
747
470
479
503
548
547
510
568
616
534
607
645
582
622
662
514
599
558
639
610
612
549
573
726
570
563
592
580
587
704
786
698
639
654
627
657
670
844
734
682
607
630
626
619
629
679
725
798
714
854
867
695
848
763
745
742
642
754
735
728
731
699
699
799
793
794
819
825
829
767
805
794
737
687
779
698
794
696
811
812
830
842
756
819
1074
928
1032
884
689
839
808
889
879
790
733
869
862
806
900
1058
842
823
887
998
932
894
808
901
755
988
888
923
886
870
889
892
1149
850
904
1032
916
862
905
969
956
939
924
854
841
959
953
868
928
874
907
1002
908
838
947
1108
1119
1204
1003
902
1012
1018
951
984
1007
1063
1097
944
1037
1130
1049
939
1055
1094
1028
1073
1081
1113
1039
1108
998
1043
1087
1043
1075
1062
1063
1124
1065
1063
1167
1252
1127
1119
1107
1025
1108
1101
1110
1110
1091
1090
1148
1206
1158
1103
1099
1065
1219
1154
1225
1104
1172
1158
1238
1274
1097
1210
1109
1280
1328
1191
1162
1222
1273
1182
1176
1130
1186
1243
1183
1201
1215
1303
1218
1223
1257
1231
1227
1390
1185
1316
1223
1504
1219
1270
1118
1181
1100
1227
1309
1248
1346
1349
1248
1250
1254
1304
1336
1133
1295
1240
1318
1297
1305
1188
1381
1240
1246
1338
1339
1275
1314
1334
1337
1336
1391
1367
1380
1437
1424
1363
1309
1420
1389
1368
1324
1319
1233
1361
1261
1260
1579
1365
1364
1284
1435
1334
1446
1496
1493
1374
1438
1430
1419
1442
1382
1482
1469
1603
1361
1529
1430
1544
1414
1385
1544
1371
1263
1291
1488
1458
1361
1475
1350
1301
1514
1419
1429
1547
1457
1518
1549
1574
1545
1543
1405
1558
1618
1532
1530
1260
1516
1578
1442
1471
1427
1489
1516
1588
1551
1366
1427
1438
1378
1334
1547
1487
1428
1448
1442
1364
1543
1572
1488
1507
1609
1587
1453
1634
1386
1446
1450
1557
1455
1553
1589
1634
1425
1588
1546
1630
1541
1524
1470
1548
1651
1626
1516
1535
1484
1520
1508
1505
1462
1542
1479
1528
1710
1541
1499
1459
1571
1633
1573
1644
1487
1569
1565
1566
1544
1578
1647
1587
1584
1706
1604
1482
1602
1557
1566
1572
1575
1505
1706
1558
1623
1487
1543
1481
1510
1516
1489
1359
1604
1667
1537
1535
1590
1570
1528
1678
1492
1506
1482
1575
1435
1566
1581
1570
1411
1552
1561
1500
1369
1545
1547
1495
1766
1595
1524
1531
1376
1449
1439
1632
1508
1486
1439
1608
1506
1568
1526
1535
1556
1533
1570
1495
1636
1557
1610
1492
1519
1568
1451
1462
1445
1553
1559
1495
1526
1597
1500
1585
1482
1562
1563
1472
1427
1661
1534
1582
1605
1613
1508
1579
1518
1554
1640
1585
1617
1461
1535
1612
1618
1634
1518
1577
1492
1492
1541
1472
1542
1660
1591
1544
1586
1597
1506
1507
1669
1406
1574
1736
1692
1536
1614
1469
1474
1475
1352
1570
1543
1588
1521
1574
1405
1641
1359
1503
1461
1441
1491
1645
1525
1392
1397
1605
1461
1407
1418
1472
1418
1523
1445
1526
1416
1579
1523
1479
1421
1622
1726
1562
1396
1544
1600
1472
1404
1435
1344
1470
1449
1523
1487
1559
1514
1348
1327
1371
1495
1294
1418
1477
1400
1340
1421
1413
1372
1466
1428
1351
1510
1388
1363
1569
1283
1575
1381
1422
1314
1360
1542
1480
1436
1465
1419
1355
1193
1337
1218
1405
1361
1462
1301
1180
1230
1368
1359
1339
1360
1353
1243
1428
1387
1381
1275
1456
1483
1362
1307
1484
1383
1246
1282
1365
1283
1361
1285
1273
1441
1254
1347
1219
1285
1449
1328
1323
1441
1263
1294
1300
1395
1325
1335
1239
1244
1300
1279
1196
1248
1301
1257
1128
1297
1156
1215
1195
1168
1224
1376
1130
1233
1285
1225
1299
1245
1292
1223
1144
1190
1260
1270
1217
1119
1335
1257
1328
1175
1187
1159
1213
1168
1093
1155
1233
1141
1085
1053
1263
1056
1187
1247
1203
1111
1041
1141
1130
1151
1218
1203
1030
1311
1176
1262
1122
1085
1123
1038
1149
1038
1119
1186
1063
1107
1053
1117
1001
1029
1091
1098
1081
1150
1067
1090
970
1059
970
1120
1131
947
1082
925
954
1006
981
940
1155
932
955
1033
1073
1006
1028
900
971
985
1096
938
905
894
922
943
1133
996
935
891
1077
959
922
985
917
889
887
898
801
789
832
994
967
886
895
1098
895
912
887
1046
991
884
1037
790
980
825
851
846
879
775
871
765
882
968
745
998
768
946
875
696
876
739
818
772
782
774
815
860
682
794
733
695
738
765
844
721
802
750
669
696
596
723
622
764
806
651
752
661
624
697
649
759
795
690
616
599
685
780
696
630
601
680
685
594
773
744
633
728
645
589
615
668
662
593
585
627
636
643
591
486
549
650
665
705
575
646
595
521
611
705
537
600
630
660
589
641
541
548
630
473
547
594
519
561
693
598
545
486
591
561
544
582
548
434
594
468
557
460
391
554
446
490
552
411
480
495
450
574
584
565
398
504
511
436
473
318
423
394
416
577
446
443
469
478
446
379
521
511
419
444
537
393
371
418
401
364
359
373
369
443
360
350
382
512
355
415
381
374
413
389
314
385
320
319
336
349
270
363
259
430
316
362
317
364
360
331
317
370
328
312
413
329
303
293
266
268
280
409
253
364
332
243
336
339
303
368
287
305
347
191
322
385
329
232
391
352
240
325
306
451
296
314
298
282
381
332
286
375
316
203
255
201
230
303
277
227
313
275
184
273
394
204
237
226
393
377
234
226
258
363
255
316
321
232
205
302
144
452
289
270
296
177
294
178
250
232
243
273
219
261
404
326
290
222
237
286
267
241
182
193
218
169
278
285
238
162
209
232
324
200
126
279
298
214
200
179
178
169
212
172
195
202
213
298
236
211
194
162
197
280
148
209
234
217
157
146
231
169
192
167
298
217
191
317
310
276
140
298
180
151
241
224
130
264
143
169
206
216
171
284
144
213
262
226
229
175
281
193
340
144
107
154
251
205
194
287
121
255
198
98
174
164
282
122
263
254
136
268
214
168
179
308
348
168
270
217
264
222
199
234
313
177
235
184
175
220
174
235
141
265
142
171
193
215
167
146
106
137
226
163
163
107
195
141
194
168
262
165
206
189
81
142
125
169
189
190
147
187
139
158
193
136
144
169
130
144
154
220
146
121
145
117
159
176
199
145
129
151
195
147
96
140
170
203
268
111
217
208
167
169
205
231
159
178
146
126
206
143
131
145
114
160
125
179
232
116
86
166
101
171
186
182
136
104
200
120
180
165
133
105
117
214
111
256
210
140
198
159
233
265
229
240
321
237
176
163
191
201
258
212
171
247
124
174
170
249
149
160
194
246
239
182
210
164
191
149
120
222
225
126
209
154
217
160
186
230
190
171
214
237
245
210
213
232
156
282
233
172
225
258
234
221
237
248
217
155
183
167
170
248
356
243
232
209
319
264
184
193
210
182
188
220
215
284
349
289
294
244
348
263
267
331
237
217
277
263
267
251
279
364
243
333
270
251
332
335
200
262
306
323
276
268
219
305
403
323
285
412
283
336
363
276
392
292
459
333
285
267
326
390
291
358
334
345
356
436
276
444
390
321
373
358
360
282
350
467
403
403
367
438
367
355
389
352
409
338
383
411
396
361
353
402
336
401
455
302
474
450
430
435
341
480
478
393
484
427
401
384
443
479
465
396
443
366
379
486
495
448
464
424
484
466
415
404
552
529
518
518
495
436
569
455
481
443
502
493
401
603
642
432
412
563
565
495
611
514
563
518
579
430
485
548
583
537
466
519
560
578
510
614
549
557
492
592
539
602
478
617
596
635
575
749
458
556
623
577
708
618
542
533
564
605
673
540
575
636
578
676
541
676
684
579
614
592
738
690
715
662
725
691
644
608
679
625
603
644
660
627
655
576
587
639
682
677
737
777
734
643
720
773
711
783
741
701
636
736
678
660
608
633
729
721
769
807
720
745
725
761
851
700
697
771
742
814
741
803
831
763
894
946
769
846
792
754
764
838
828
712
801
772
783
935
842
829
847
898
875
873
761
861
856
736
848
950
867
822
786
841
776
745
859
839
796
846
817
881
955
955
857
933
831
858
909
841
871
815
955
956
967
963
860
888
900
892
877
847
805
744
918
867
963
950
1015
913
963
1043
978
1061
921
1008
974
908
960
1019
940
959
902
883
858
868
954
989
847
1006
926
908
908
968
870
1012
1011
966
1107
962
987
1033
1007
988
1006
985
1004
991
953
1002
986
1008
1068
1062
1004
983
934
1050
906
986
1044
1005
1015
950
1020
1111
1024
970
997
1106
1018
1098
1104
1068
964
1105
1064
1037
1018
1123
1168
1111
1104
998
1047
1064
1077
1024
1108
1052
1100
1031
1023
1170
1033
1125
1080
1145
977
1257
1047
1258
1086
1061
1067
1096
1107
1110
1095
1044
1125
1070
1096
1258
1136
1145
1149
1232
1103
1177
1119
1079
1122
1175
1100
1100
1173
1067
1067
1114
1221
1069
1089
1111
1160
1155
1044
1174
1118
1169
1133
1028
1078
1142
1177
1190
1210
1143
1117
1187
1108
1148
1136
1252
1189
1264
1155
1060
1092
1196
1129
1175
1218
1264
1181
1154
1212
1221
1128
1201
1195
1116
1186
1154
1166
1196
1078
1137
1270
1182
1190
1154
1190
1231
1146
1242
1122
1300
1162
1146
1258
1164
1164
1264
1169
1248
1199
1185
1231
1088
1199
1205
1147
1126
1182
1266
1211
1125
1074
1192
1188
1208
1216
1152
1265
1192
1168
1188
1117
1230
1294
1105
1179
1155
1114
1169
1237
1154
1093
1277
1199
1119
1074
1151
1125
1278
1135
1149
1181
1177
1299
1162
1232
1215
1119
1283
1170
1181
1160
1214
1183
1205
1195
1117
1135
1216
1263
1289
1065
1229
1151
1211
1126
1144
1179
1207
1156
1378
1172
1194
1247
1218
1135
1164
1280
1196
1204
1197
1237
1213
1126
1270
1227
1261
1142
1278
1133
1127
1220
1191
1211
1205
1268
1240
1096
1163
1159
1191
1228
1226
1104
1206
1171
1168
1249
1135
1157
1191
1193
1176
1178
1220
1179
1116
1175
1273
1148
1206
1167
1139
1181
1122
1193
1150
1139
1195
1223
1154
1148
1213
1091
1173
1118
1169
1172
1093
1222
1191
1231
1200
1131
1012
1088
1210
1119
1330
1206
1246
1097
1161
1115
1161
1257
1156
1185
1080
1207
1167
1159
1105
1073
1087
1091
1147
1353
1139
1111
968
1077
1084
1130
1153
1022
1196
1125
1131
1194
1112
1137
1040
1108
1241
1129
1068
1063
1134
1076
1093
1184
1173
1156
1151
1073
1081
1019
1086
1007
1074
1077
1103
1048
1107
1058
1027
969
1176
1052
1097
1073
1050
1108
1049
1111
994
974
1040
1010
994
1048
1045
947
1066
994
1188
1026
1128
1069
1012
1050
986
997
1030
931
1078
993
1040
1049
1029
944
949
985
1024
1025
1057
1009
1027
948
1051
1045
998
974
977
1013
1063
1018
959
1056
1007
990
937
969
1015
970
1032
1035
1010
966
981
950
922
905
886
1026
998
921
905
1019
925
912
1017
927
999
996
900
969
949
945
938
925
932
963
981
851
921
985
853
894
881
918
835
861
804
940
928
873
962
821
908
916
897
848
880
860
871
865
921
870
849
859
828
789
785
813
843
803
837
886
885
806
848
1011
745
747
933
681
879
778
762
697
762
721
662
776
885
805
776
736
684
810
803
729
758
759
759
763
756
841
824
759
784
686
779
618
648
722
667
690
647
764
692
704
672
693
669
715
692
750
717
746
753
700
610
710
717
623
592
619
652
669
593
643
660
553
696
633
674
689
628
702
600
626
691
724
649
668
632
661
605
585
592
599
638
615
551
634
569
572
546
659
557
539
594
678
571
630
608
691
575
613
589
591
549
506
546
589
485
650
509
506
595
614
519
553
513
542
621
602
526
675
509
516
519
611
502
562
442
529
504
482
417
501
455
521
411
480
484
505
458
470
424
461
468
466
377
443
540
479
480
357
494
507
423
417
457
350
480
445
358
388
462
484
387
470
440
449
437
480
383
435
366
371
432
374
457
386
440
367
411
396
397
331
334
347
277
375
420
426
358
400
360
434
428
349
468
360
278
398
335
362
361
356
285
340
326
322
310
327
296
279
296
458
261
319
371
319
357
322
326
368
487
354
271
297
331
219
309
253
232
263
300
268
253
215
220
266
332
291
199
316
264
342
191
266
276
318
270
297
230
278
305
301
275
364
280
255
183
273
225
310
208
163
297
191
187
258
223
240
229
306
224
295
215
262
254
250
182
251
254
243
277
279
207
368
172
196
240
232
209
236
121
184
223
332
218
203
276
216
163
281
212
237
210
172
233
162
308
183
285
220
274
197
191
198
246
163
230
295
174
180
211
163
205
206
246
176
171
175
269
261
204
197
192
199
143
145
117
218
135
196
141
160
253
156
163
174
153
191
131
142
135
122
82
150
157
204
153
138
150
153
200
204
129
96
150
141
246
264
132
140
225
181
209
191
170
181
155
194
129
161
115
179
129
148
263
209
210
121
105
144
102
147
136
184
138
111
147
168
189
133
172
161
170
130
197
165
147
138
125
205
161
134
197
92
183
125
133
165
184
155
160
229
147
154
166
174
146
161
124
155
193
187
184
232
170
192
156
117
255
144
155
155
149
218
169
169
43
51
33
66
62
44
51
76
48
45
53
64
61
74
47
50
44
69
38
37
46
35
41
47
56
33
48
43
37
33
41
89
42
41
49
54
38
57
56
38
35
26
49
41
42
50
81
88
50
55
73
68
64
73
40
65
47
50
54
28
71
38
45
32
54
47
56
49
37
57
46
35
32
40
41
45
46
68
39
47
82
37
59
71
51
31
51
40
51
64
34
65
67
67
39
52
67
48
56
45
36
56
37
43
41
37
54
35
41
51
43
55
41
34
42
53
47
64
53
46
37
30
72
71
50
51
81
49
64
47
53
63
52
61
61
51
52
44
33
44
61
62
46
40
42
56
57
40
36
39
28
44
28
49
28
23
52
55
48
69
36
29
61
42
60
76
85
52
28
75
33
61
40
32
54
43
48
33
64
54
55
59
87
69
101
95
88
97
82
113
104
89
80
90
78
108
115
75
78
93
88
117
119
95
101
90
109
99
100
93
106
93
110
107
112
91
98
80
95
88
84
114
118
98
107
96
91
95
90
113
108
83
87
93
118
108
115
100
92
79
115
113
105
89
97
104
92
93
89
110
113
99
88
77
120
95
107
91
87
90
98
101
122
91
98
95
125
98
107
88
92
78
98
120
149
186
149
128
126
134
133
154
167
138
143
145
131
134
158
136
142
155
143
139
167
151
151
171
177
135
159
153
164
177
175
136
161
137
164
157
129
156
137
128
160
129
169
162
160
125
138
148
146
202
148
164
157
148
163
157
188
159
152
143
121
150
138
140
140
129
158
151
155
169
177
131
151
128
144
133
126
187
211
221
193
196
239
250
184
220
230
236
233
215
255
198
207
226
229
233
196
213
201
239
217
199
206
201
204
191
205
200
209
211
215
208
192
218
222
208
279
209
217
202
205
218
197
190
205
202
207
207
194
203
207
196
231
244
225
203
232
219
212
195
243
214
200
190
204
197
212
207
208
213
208
204
215
214
203
247
265
250
279
263
270
272
257
277
264
265
259
261
278
247
277
251
263
252
256
291
266
261
262
279
272
268
287
268
281
288
239
282
256
263
271
250
291
272
289
268
279
267
273
266
251
282
290
253
275
275
267
264
300
291
281
281
270
276
257
274
273
274
272
265
261
259
277
292
260
275
244
262
267
263
266
259
276
293
261
269
268
304
268
285
290
278
278
257
291
368
320
326
312
378
325
319
323
314
338
335
320
313
295
351
320
316
326
323
321
301
318
336
341
358
312
324
318
311
341
363
349
316
315
312
345
315
335
345
337
340
321
322
336
326
307
328
371
321
329
345
347
325
309
345
344
300
303
320
330
325
323
332
359
332
329
339
305
344
360
345
321
349
326
318
326
343
313
325
312
302
310
322
309
328
319
343
341
331
336
337
320
293
301
306
331
333
315
324
322
322
309
353
320
332
311
349
340
320
314
326
316
308
344
336
315
328
335
326
328
330
315
321
301
308
323
321
328
335
317
345
342
310
309
353
337
336
352
305
320
315
345
350
325
314
312
327
321
318
330
341
342
322
308
311
313
341
299
325
303
334
305
350
336
321
327
315
334
327
304
327
318
325
329
335
337
380
322
326
310
329
339
332
330
321
334
317
327
332
315
345
312
315
339
332
337
336
331
337
343
329
328
334
329
309
310
322
313
340
377
325
322
323
326
331
352
326
322
328
343
302
326
325
321
339
329
349
308
314
356
321
316
292
340
309
340
339
340
325
312
334
382
329
346
311
327
342
325
320
330
343
330
339
346
345
358
340
334
319
331
305
355
329
319
321
315
347
341
316
330
335
338
314
368
350
334
336
340
303
315
353
319
318
328
325
316
336
325
347
327
309
339
300
337
320
325
316
341
301
316
315
313
319
343
352
324
332
300
311
325
314
327
361
324
317
323
309
336
326
317
368
334
323
351
325
331
285
329
310
325
328
287
303
318
323
318
314
321
304
322
349
308
322
333
301
336
317
339
325
296
328
337
319
316
342
313
318
326
335
318
321
306
327
321
321
321
324
336
312
323
340
316
349
321
353
320
350
317
326
316
325
334
347
314
302
255
274
261
276
268
270
281
290
266
280
273
263
246
263
275
275
264
288
260
275
266
266
273
264
274
261
283
281
282
251
287
261
261
269
262
266
286
266
270
261
279
250
276
272
278
266
277
293
263
257
322
300
301
268
259
253
264
294
272
248
244
282
254
264
299
252
295
240
258
296
277
274
258
274
277
264
285
268
279
246
280
280
248
267
272
271
300
282
249
233
236
209
219
232
213
236
217
215
239
190
188
188
256
182
226
205
196
240
190
205
222
210
211
214
213
198
220
214
235
219
207
239
222
195
219
216
233
196
210
205
189
190
214
234
195
203
188
226
190
225
201
211
261
207
248
219
221
226
234
208
212
226
204
227
205
253
198
201
208
229
203
207
233
215
196
227
217
176
154
159
141
121
130
167
171
145
143
144
161
150
143
157
147
140
157
143
159
166
146
130
158
140
170
161
159
125
145
147
145
142
133
160
137
182
163
147
142
129
154
150
150
162
139
155
140
155
152
146
150
134
168
154
149
133
149
143
147
132
163
177
135
180
164
173
146
175
141
150
161
171
139
145
159
133
141
98
91
87
91
101
81
80
96
86
70
86
84
96
108
93
102
118
67
87
108
82
100
85
123
95
91
71
103
92
121
77
88
108
110
82
92
89
95
87
91
99
78
109
121
101
88
129
89
112
89
92
87
106
104
100
122
102
70
93
88
113
101
91
99
134
100
99
120
83
97
103
105
92
93
102
116
92
101
97
105
95
81
135
100
113
91
85
107
95
65
55
46
75
63
38
44
48
52
60
32
51
59
66
39
31
33
30
61
47
53
49
55
47
42
75
36
34
50
33
66
63
51
36
29
52
31
38
51
43
72
43
36
59
45
47
37
33
55
65
55
44
72
40
68
34
32
57
30
47
55
47
30
45
67
37
58
30
50
49
39
52
62
42
52
57
62
35
39
42
34
62
43
51
64
39
49
41
36
34
38
44
47
49
40
62
44
47
39
25
48
57
57
37
31
56
56
61
29
57
40
42
53
49
65
51
48
31
58
28
48
40
53
42
45
64
43
47
55
80
47
50
49
67
37
34
71
68
51
73
52
42
36
58
35
46
35
45
44
45
40
41
44
34
56
55
38
46
33
39
37
33
42
71
68
58
41
37
30
31
45
48
62
74
34
58
46
38
74
51
42
66
38
91
34
62
72
70
36
76
29
54
66
76
59
29
50
59
50
65
55
58
61
77
28
45
41
46
40
49
97
84
92
100
55
61
67
75
71
74
58
103
77
91
86
60
88
41
65
65
80
42
56
95
82
81
66
57
40
94
48
95
64
49
50
90
57
54
48
67
73
67
86
69
77
60
58
65
74
53
58
40
71
75
81
79
78
52
55
61
79
70
98
61
108
64
84
90
74
94
72
70
46
75
53
44
45
65
50
113
69
86
47
109
74
54
45
57
58
63
60
89
69
85
77
49
65
94
49
52
85
84
93
81
109
104
51
87
61
66
84
44
59
68
52
99
45
84
77
63
59
64
86
86
111
78
95
52
60
47
65
68
42
59
69
96
68
73
67
75
54
66
58
78
78
39
69
64
75
131
133
111
117
77
128
110
149
128
137
91
104
144
74
136
106
95
118
127
132
99
111
106
106
104
125
108
125
98
116
128
145
117
112
98
105
94
102
99
107
146
114
112
108
103
83
121
94
117
105
104
121
117
78
152
81
108
86
116
104
123
112
116
95
126
131
130
129
126
106
102
125
108
115
153
178
171
176
141
162
162
189
152
179
161
158
155
175
157
178
140
172
132
152
160
134
141
164
160
146
155
187
161
145
170
146
148
191
184
153
183
147
126
160
173
153
150
158
155
160
162
119
149
169
164
183
150
158
132
187
148
171
169
179
142
130
203
207
258
206
214
234
233
226
200
208
227
202
211
199
237
221
221
236
208
194
233
216
198
220
197
213
211
231
191
195
222
213
232
222
209
202
222
234
213
240
228
246
197
184
221
192
196
234
197
196
229
231
188
222
204
197
212
228
291
275
258
278
264
258
250
296
229
265
302
265
282
276
248
303
271
303
300
256
245
275
277
305
266
273
290
284
287
274
241
248
291
254
283
268
256
264
275
278
260
285
259
293
269
287
253
277
286
259
264
244
253
279
267
289
246
279
320
371
354
315
337
356
338
346
363
313
312
327
314
336
327
352
332
344
320
321
327
328
322
338
353
284
319
310
340
315
377
359
350
356
307
297
433
348
350
324
366
346
348
323
346
310
329
327
311
313
340
331
328
325
335
325
355
312
328
328
345
342
372
391
405
385
362
358
383
384
404
386
397
396
381
411
338
373
379
342
402
400
381
417
398
387
402
377
363
399
386
337
391
406
426
369
382
370
380
413
458
397
410
410
405
384
383
352
392
399
371
391
379
415
383
393
407
407
385
391
390
387
384
377
376
395
361
373
422
430
405
398
371
389
393
400
401
437
448
461
430
459
441
505
440
461
470
489
417
463
427
437
448
458
453
437
465
469
495
432
419
427
450
438
422
462
430
447
457
485
454
433
428
465
461
451
446
468
461
452
461
440
471
443
413
484
445
432
437
444
429
452
431
439
433
415
439
479
421
450
441
441
461
465
418
449
466
436
471
434
466
431
452
458
458
425
446
436
454
458
448
415
438
428
461
462
443
439
504
429
442
466
437
458
425
462
446
421
443
459
469
449
433
464
459
455
431
488
466
453
425
455
460
458
469
457
504
457
443
436
461
433
426
437
468
418
427
433
461
421
440
456
460
426
476
467
465
446
429
423
429
407
456
432
432
452
433
459
481
421
461
437
456
422
402
425
420
427
502
449
462
441
439
462
447
446
428
396
445
427
440
472
447
466
434
463
482
424
416
492
450
457
413
460
436
456
456
420
420
447
449
460
454
484
458
443
448
465
477
458
476
467
430
481
463
440
457
428
458
455
460
438
449
498
463
470
438
443
453
484
437
451
416
446
429
446
460
436
489
469
429
438
471
466
453
495
448
488
465
444
461
418
437
443
448
473
460
422
450
478
426
439
472
427
431
453
465
439
477
442
454
448
458
438
460
441
463
462
421
399
451
451
459
468
435
468
428
452
422
444
436
440
470
445
435
451
387
465
441
449
408
457
460
443
426
478
462
500
452
458
446
464
470
445
425
491
448
465
433
443
452
454
476
446
439
461
448
446
458
440
468
494
483
456
441
433
424
469
445
366
383
389
447
350
395
371
384
409
417
386
368
372
392
378
358
411
375
416
379
428
365
362
347
419
389
387
377
383
421
359
432
414
349
396
418
370
365
375
390
354
372
361
379
373
379
396
381
392
390
394
368
372
409
417
399
398
408
348
410
418
373
403
419
398
373
401
404
398
385
380
371
401
353
326
336
322
347
359
316
326
341
320
355
317
329
354
312
318
300
319
311
321
318
321
341
329
347
327
327
328
320
368
332
362
311
320
341
308
345
334
314
323
325
320
304
365
362
309
344
304
334
355
353
327
359
376
317
313
331
327
305
338
338
347
288
281
282
323
243
283
279
279
235
291
265
265
302
301
282
298
266
282
283
276
309
280
247
301
272
254
269
286
280
269
269
261
254
269
254
263
259
294
275
262
277
300
281
310
276
253
295
265
291
293
280
293
270
265
260
354
284
292
221
250
240
223
203
215
196
266
189
208
236
219
206
225
200
201
206
233
232
234
223
240
237
217
207
222
231
191
221
189
172
198
231
190
214
237
214
235
222
247
197
252
225
205
195
204
211
215
240
203
220
198
209
216
186
200
221
210
183
138
143
190
137
175
160
148
182
157
163
129
158
172
129
166
162
159
167
176
190
187
159
130
128
132
168
171
154
145
197
167
142
195
154
115
120
202
153
151
183
178
162
162
196
179
155
200
177
164
155
190
152
197
148
171
131
151
167
174
147
188
158
129
130
114
123
136
103
114
125
122
104
133
112
103
95
89
111
117
93
137
118
99
100
171
92
95
138
120
137
147
131
98
129
83
111
127
105
103
110
114
90
144
92
97
124
124
123
114
130
130
146
124
97
115
133
103
92
82
113
116
102
99
108
113
129
117
100
96
128
129
96
112
78
125
105
91
53
34
52
58
54
74
62
88
70
69
90
78
56
44
59
114
57
77
66
64
47
32
51
45
74
72
67
54
64
54
78
57
46
63
80
73
108
53
56
56
66
37
91
50
72
104
66
76
86
76
46
54
56
49
41
47
75
65
84
60
64
48
86
109
64
98
53
80
88
68
94
57
85
69
67
66
62
85
69
67
64
75
36
77
70
90
90
52
77
56
66
66
69
81
80
102
63
78
72
69
66
88
62
86
73
43
80
107
81
59
60
55
94
64
51
36
73
46
70
40
81
67
81
58
76
86
60
59
73
39
63
77
70
56
74
83
77
58
43
71
81
73
36
62
75
75
43
50
113
54
53
59
72
90
75
57
57
81
115
61
84
89
61
79
55
62
74
60
68
71
102
42
78
143
128
219
136
169
99
143
123
132
163
175
110
151
188
189
167
172
134
159
158
109
147
149
97
107
105
159
206
134
130
161
122
88
148
151
105
184
177
143
224
174
177
161
152
129
134
175
141
103
125
82
203
138
209
167
145
117
107
188
149
116
173
160
110
116
207
203
115
123
195
138
164
112
124
97
165
135
104
132
123
120
125
179
148
84
96
187
152
146
265
135
138
123
170
157
162
185
182
181
181
248
194
157
166
247
200
208
134
193
146
229
152
187
172
217
221
147
221
216
189
195
167
220
230
120
203
238
194
257
206
186
238
131
237
186
163
169
341
267
168
172
199
215
193
199
210
159
197
232
250
258
186
223
156
212
208
163
255
262
214
163
231
206
238
238
187
194
250
261
333
224
238
216
221
166
179
260
158
231
222
243
237
303
246
275
246
283
387
265
332
226
299
347
287
283
247
289
281
344
227
205
270
241
269
201
292
276
219
252
418
318
315
320
230
307
249
284
267
357
281
329
282
344
344
322
306
259
259
289
275
380
305
351
375
266
285
247
346
317
321
388
316
389
276
325
348
332
304
456
387
401
413
415
383
442
358
459
414
449
366
429
361
316
343
451
421
415
349
434
334
378
349
354
465
391
373
402
401
511
471
353
374
425
348
447
417
418
388
383
409
482
382
543
399
440
435
347
377
467
484
482
471
419
468
472
507
499
450
493
435
497
468
475
442
478
490
427
432
506
442
470
457
475
537
479
472
572
484
558
535
503
521
521
475
533
535
537
517
503
581
597
526
507
639
466
512
518
540
561
476
459
515
629
604
564
571
650
557
581
629
610
626
639
656
635
558
560
629
534
568
610
618
573
671
574
694
611
644
652
682
596
680
654
685
622
702
586
683
629
630
608
642
625
621
750
731
619
658
664
590
664
595
649
719
721
620
723
709
711
744
734
675
773
712
650
742
740
716
667
726
730
720
661
653
667
652
726
756
755
704
736
740
749
757
801
859
799
792
712
774
764
719
818
766
812
797
747
787
811
662
769
775
700
755
796
711
827
769
894
744
772
831
767
844
880
890
857
826
812
847
837
815
745
743
880
820
870
914
842
848
807
787
873
922
811
874
802
924
888
927
804
899
909
836
819
829
801
859
821
839
891
919
828
823
864
859
915
917
961
960
800
936
1077
850
898
920
944
823
900
984
912
974
909
944
949
901
900
985
956
921
1012
958
988
982
940
884
969
959
996
1017
1009
965
1041
1076
910
940
897
954
957
893
975
908
925
948
908
1046
1066
960
1031
1066
1018
1002
1061
956
1015
980
1047
980
905
978
974
1007
1083
1051
1007
931
921
949
1039
961
993
974
972
1075
947
961
1096
980
1083
957
1092
990
1004
967
1030
1014
1002
1029
973
964
1033
957
1072
1127
1016
990
1146
1047
1163
1029
1071
1120
1060
1007
1032
1075
1074
1138
998
1091
1075
1027
1050
1027
982
962
1023
1068
1098
1059
1142
1068
1052
1094
1159
1038
1034
1054
1131
1050
1051
1151
1087
1068
1072
999
985
1043
1117
1141
1057
1139
1022
1161
982
1067
1105
1052
1027
1143
1104
1050
1146
1087
1006
970
1117
1061
1032
1047
1015
994
1067
1014
1016
995
1021
1072
1098
1018
1058
1075
991
1056
1179
1067
1073
1046
1040
1101
1018
1092
1041
1079
1093
1067
1131
1097
1077
1067
1094
1104
997
1076
1114
1027
1050
1093
1089
1045
1012
1004
1083
1097
1032
1078
1062
1048
1027
1042
1079
1030
1073
1043
1094
1036
1063
1069
1023
992
1041
1076
1085
1220
1050
1065
1208
1151
996
1140
1065
1132
1068
1053
1040
1052
1120
1094
1066
1073
1131
1068
941
1013
1009
1031
1088
938
1058
1099
1093
1032
1095
1002
1012
1071
1041
1011
1011
1169
1103
1043
1068
1016
1116
1049
992
1038
1111
1076
1088
1109
1053
1087
948
1046
992
1060
1108
1074
1040
1074
1042
1104
1099
1152
1091
1077
1045
1104
1116
1013
1084
1073
1045
1102
1040
1039
975
974
1070
1161
1014
1086
1022
986
1101
1062
1020
1111
1093
985
1092
989
904
1024
1043
947
1017
1061
937
998
952
981
993
917
982
950
947
944
1014
1130
1015
914
1061
1100
1090
1021
923
1029
981
998
1154
974
1004
999
1028
962
1018
986
967
1048
948
1027
998
1025
998
965
926
934
917
963
1014
925
959
919
996
945
890
950
952
941
983
951
948
934
951
976
969
933
930
896
931
909
1004
917
860
1021
978
975
1076
993
945
955
843
851
886
919
882
923
945
878
832
927
908
899
875
911
912
853
900
851
914
934
977
874
898
930
877
819
861
915
979
919
901
862
841
728
810
755
892
878
849
814
790
887
762
853
825
815
807
767
836
812
814
812
878
813
810
865
797
817
989
865
771
916
814
737
774
728
763
745
820
808
807
847
725
752
810
729
747
764
778
768
711
729
744
729
740
743
831
759
779
739
721
743
782
815
719
667
818
787
730
867
676
733
737
748
688
797
736
657
721
613
718
728
818
709
740
729
583
658
690
616
646
595
650
687
628
583
704
624
626
667
656
667
581
679
651
630
621
636
721
695
646
670
555
557
659
493
663
662
549
633
657
590
527
564
535
572
556
565
612
585
676
590
634
626
599
574
516
600
514
542
513
530
567
612
457
529
549
595
448
592
494
516
610
559
595
506
530
513
503
515
529
549
529
463
433
533
534
494
494
413
544
505
457
431
445
471
428
515
511
424
469
428
469
469
506
570
370
525
469
513
425
487
425
504
324
457
470
392
418
412
416
387
446
444
477
420
438
406
480
487
412
454
440
366
460
461
340
360
427
362
376
317
455
347
281
380
319
388
406
366
416
368
316
370
363
413
393
344
342
360
357
325
430
290
293
340
369
269
238
353
265
278
345
249
289
251
370
389
322
251
334
304
347
326
412
380
302
280
293
355
358
334
252
235
293
315
260
305
289
248
344
254
349
279
327
242
236
299
244
264
306
265
338
213
327
243
324
328
209
292
270
306
354
285
242
243
214
271
231
195
286
189
220
226
245
252
216
157
215
201
194
173
197
188
297
271
206
150
256
217
207
188
268
150
235
180
238
179
258
152
292
139
133
249
216
224
231
185
158
158
152
171
185
141
166
200
135
146
173
166
150
182
185
166
144
126
214
159
249
223
137
154
258
195
170
183
133
148
170
171
195
201
260
244
211
142
179
152
238
77
163
134
161
261
80
143
227
209
183
186
149
83
223
162
207
145
189
137
129
159
196
99
124
141
186
112
135
194
146
103
121
170
164
162
164
192
128
205
150
134
141
171
165
190
185
165
214
117
147
150
168
159
120
111
159
112
90
183
187
192
192
188
59
133
135
169
78
155
168
153
141
129
146
263
224
176
191
125
128
144
133
113
131
159
201
185
92
170
133
87
214
167
116
150
158
126
115
165
133
112
91
185
86
119
138
160
186
174
158
117
153
92
119
155
144
132
277
196
127
332
317
194
142
227
143
137
181
187
179
145
189
129
176
171
213
117
153
169
223
273
228
185
253
213
207
213
184
297
215
117
107
228
198
152
139
160
202
129
151
254
175
162
159
158
230
333
152
216
147
131
147
268
96
204
203
253
157
213
199
140
236
186
214
126
207
215
228
146
219
153
275
157
232
136
218
157
161
252
226
131
151
188
312
292
371
350
213
363
280
204
215
251
317
184
220
392
278
187
195
299
185
274
202
225
182
188
135
255
281
223
245
304
176
255
203
308
250
171
270
201
134
222
251
232
230
316
195
221
154
258
237
271
269
264
222
275
256
284
244
314
194
229
229
245
293
305
343
185
282
288
323
295
173
294
347
331
309
279
309
249
312
335
301
223
287
232
379
273
438
264
421
262
222
260
351
350
377
238
326
284
319
214
377
299
323
386
333
334
373
464
276
306
378
377
374
332
352
318
353
358
296
305
268
447
327
328
494
349
355
442
423
431
349
351
373
307
368
352
348
359
409
351
373
422
345
369
434
456
473
353
494
464
426
424
407
490
471
503
426
629
455
507
373
404
514
577
485
405
525
452
504
549
448
598
503
573
512
382
554
420
682
591
504
442
554
623
467
595
583
511
541
496
618
549
574
558
625
486
520
561
523
643
519
580
516
582
531
595
533
642
634
585
628
587
562
558
602
641
639
656
740
547
629
691
605
523
589
636
667
664
639
625
689
681
641
615
646
642
611
636
620
706
657
628
692
695
643
627
659
707
874
683
683
802
683
764
706
735
719
695
683
840
743
723
664
773
810
741
712
680
819
753
698
820
736
915
843
841
834
756
889
837
761
831
706
722
837
932
846
896
927
1047
829
962
852
846
801
818
859
822
868
840
770
846
898
854
835
891
922
828
826
1015
1011
859
864
933
837
959
764
1044
943
773
933
970
823
1040
1013
962
1031
1001
1055
945
963
881
917
927
958
950
865
1019
1096
811
1004
983
949
869
954
1072
1002
1023
1084
1067
942
1115
859
1019
867
1053
1060
982
862
1084
1024
958
943
1102
1156
1065
1105
1095
1033
1160
1025
1030
1017
1124
994
1064
1087
1133
1090
1084
1044
1087
1038
1059
1047
1011
1079
1109
1121
1097
1229
1059
1059
1250
1096
1132
1196
1140
1164
1170
1139
1205
1119
1151
1238
1084
1080
1187
1208
1136
1212
1143
1198
1171
1104
1270
1141
1135
1146
1165
1176
1246
1154
1142
1298
1266
1272
1174
1199
1218
1251
1207
1200
1241
1305
1288
1328
1220
1179
1174
1281
1324
1426
1192
1295
1190
1144
1205
1268
1312
1267
1324
1260
1227
1201
1279
1228
1391
1280
1255
1316
1286
1335
1241
1278
1216
1406
1357
1403
1555
1257
1429
1248
1264
1319
1339
1338
1330
1299
1292
1366
1433
1301
1423
1309
1286
1241
1395
1333
1289
1266
1421
1313
1293
1240
1384
1335
1408
1379
1356
1298
1362
1404
1370
1325
1538
1392
1434
1330
1414
1393
1314
1352
1418
1337
1329
1323
1333
1340
1479
1383
1256
1439
1491
1419
1282
1429
1403
1176
1440
1406
1365
1361
1323
1446
1286
1442
1342
1406
1377
1467
1317
1459
1447
1551
1422
1450
1503
1363
1330
1513
1485
1502
1471
1533
1437
1507
1336
1576
1479
1401
1460
1551
1398
1542
1318
1477
1479
1422
1460
1456
1341
1381
1478
1496
1482
1330
1336
1480
1346
1417
1450
1416
1440
1420
1457
1469
1404
1391
1405
1323
1402
1452
1445
1457
1399
1360
1328
1430
1588
1372
1420
1411
1398
1390
1386
1361
1460
1535
1481
1433
1436
1313
1345
1314
1373
1378
1443
1435
1371
1413
1525
1593
1343
1393
1423
1455
1366
1478
1512
1310
1502
1442
1420
1317
1489
1467
1438
1471
1399
1538
1438
1433
1635
1351
1359
1308
1482
1317
1382
1498
1465
1363
1594
1483
1291
1448
1409
1500
1277
1370
1384
1373
1429
1458
1512
1387
1401
1482
1458
1329
1405
1367
1422
1246
1368
1385
1388
1503
1381
1549
1477
1409
1366
1517
1331
1339
1519
1509
1279
1508
1405
1422
1353
1381
1291
1489
1419
1378
1437
1404
1497
1442
1425
1459
1617
1430
1386
1429
1435
1556
1557
1424
1339
1332
1334
1484
1397
1466
1379
1436
1534
1350
1317
1399
1276
1404
1469
1407
1362
1367
1290
1411
1343
1351
1345
1375
1383
1385
1373
1327
1370
1444
1339
1383
1273
1441
1392
1486
1302
1295
1445
1320
1310
1304
1373
1317
1339
1437
1479
1298
1393
1234
1349
1347
1282
1411
1216
1289
1390
1300
1340
1232
1309
1256
1334
1300
1159
1252
1321
1358
1366
1306
1319
1216
1419
1383
1293
1389
1174
1314
1259
1178
1186
1161
1210
1230
1246
1409
1225
1303
1291
1315
1224
1126
1293
1304
1350
1196
1251
1245
1212
1176
1087
1418
1055
1257
1247
1221
1211
1158
1262
1185
1197
1215
1228
1266
1268
1284
1190
1182
1212
1226
1264
1288
1195
1118
1222
1268
1266
1311
1191
1294
1081
1066
1081
1165
1019
1184
1085
1116
1186
1128
1110
1138
1174
1173
1075
1075
1129
1064
1235
1072
1015
1101
1190
1018
1192
1070
1052
1125
1018
1087
954
1066
1122
1074
1039
1094
1078
1203
1042
1049
1073
1035
1164
1147
1008
851
989
920
988
971
932
953
1090
938
930
963
953
921
962
944
956
1082
1001
1015
918
884
903
877
900
1010
1073
967
957
1002
956
989
871
1019
893
1076
970
888
893
938
979
991
927
995
839
923
949
880
861
866
980
837
990
897
905
887
956
1093
917
805
934
831
804
865
864
813
897
866
790
782
809
740
870
804
830
807
859
721
839
715
733
800
820
746
827
763
677
780
820
806
815
720
756
813
795
778
724
706
656
693
668
790
769
730
700
725
778
689
671
651
705
619
676
790
757
680
696
743
715
633
733
698
760
640
699
623
589
637
601
732
805
669
618
740
779
603
672
610
588
492
515
572
699
657
637
631
526
674
607
668
592
596
602
598
623
595
545
585
491
547
467
465
524
688
642
616
548
544
649
606
565
638
651
720
507
582
550
431
563
539
548
436
470
607
441
592
438
533
557
538
489
475
639
480
632
486
453
393
402
468
411
448
352
408
395
446
326
467
451
423
391
472
477
393
406
522
605
494
374
346
382
365
429
395
375
320
365
322
486
365
349
469
432
381
299
420
311
438
354
330
368
314
303
385
241
389
355
479
389
316
328
403
329
327
369
394
366
428
419
334
369
275
372
323
285
326
286
255
379
315
335
274
267
206
331
292
394
356
318
247
307
369
287
333
244
272
294
313
281
295
322
229
311
329
269
218
220
317
269
328
384
225
341
296
197
227
235
264
247
180
227
243
290
319
183
309
219
294
344
314
335
286
279
259
250
269
212
234
201
184
249
277
300
209
199
266
290
245
209
230
301
239
344
224
200
226
215
209
206
221
163
287
166
268
197
178
275
197
149
330
274
345
235
270
211
196
112
205
161
167
284
184
185
109
147
252
149
182
237
197
146
177
288
155
170
140
160
221
206
158
235
227
167
214
207
239
200
127
278
295
190
255
312
305
133
268
305
123
217
222
239
267
249
149
211
188
327
147
203
207
155
241
224
242
137
173
182
292
144
167
205
180
153
242
117
196
235
296
169
225
141
152
157
133
196
171
304
145
255
183
230
244
243
159
139
158
160
159
252
220
191
277
170
279
190
257
150
185
197
96
211
146
171
130
173
161
236
86
301
183
115
148
214
176
160
153
172
139
167
159
152
172
251
137
166
155
134
150
171
145
126
160
136
114
120
240
189
141
172
211
197
105
191
142
99
164
122
174
120
156
154
138
200
157
102
148
171
209
130
200
154
222
186
223
103
245
123
121
142
160
148
130
169
188
209
127
157
125
191
120
158
226
216
161
210
152
252
165
166
115
197
184
184
172
146
195
139
233
163
310
210
212
189
201
251
157
161
182
192
299
183
300
282
184
112
183
238
219
317
231
235
180
216
247
180
189
239
246
240
191
187
184
162
144
210
165
242
299
307
215
239
286
245
285
253
267
206
209
332
175
204
209
308
227
201
210
269
243
264
254
260
252
232
353
250
190
251
253
240
231
289
331
220
239
213
268
251
255
234
271
274
251
253
255
323
312
233
296
272
275
306
229
310
234
362
230
211
251
385
294
285
299
325
352
348
319
223
303
335
297
294
323
367
315
321
326
398
363
275
306
238
259
333
271
276
424
302
272
418
399
291
447
381
352
425
395
340
413
346
347
342
368
384
329
391
364
341
328
412
361
322
293
346
362
457
435
448
394
399
427
405
367
410
445
496
416
391
523
394
349
364
493
409
414
470
359
368
452
482
496
462
454
413
461
516
431
429
427
422
452
409
470
398
543
521
445
505
486
553
522
441
508
523
539
504
505
614
541
542
471
522
481
536
517
485
539
532
559
491
586
509
565
511
484
546
632
575
612
573
587
633
587
660
654
624
567
708
512
619
547
658
606
607
721
713
629
553
607
602
546
640
736
758
603
587
708
602
719
650
697
607
689
681
701
638
669
640
626
653
707
715
742
662
709
803
688
700
677
696
800
729
715
721
718
713
717
703
694
664
754
664
695
728
687
704
768
767
786
730
779
754
855
896
844
809
888
805
789
831
747
809
788
815
725
849
763
758
709
878
835
836
846
778
798
885
871
812
814
894
994
914
806
868
749
860
812
796
815
749
844
866
812
822
875
877
858
877
923
904
921
860
848
793
852
900
811
931
897
926
845
829
934
879
881
991
962
899
942
937
1015
976
866
903
966
951
1127
950
969
920
960
917
974
948
881
997
851
959
984
907
1007
949
1034
994
951
920
963
1011
1024
927
1051
973
1069
1026
986
909
940
1000
1067
966
1017
936
1082
1030
991
986
1023
1121
966
1055
1109
1002
1066
1027
949
1008
949
979
1088
1090
958
1188
1067
1057
1126
1021
1068
1038
1014
1023
1033
1045
1099
1060
1054
1020
1087
960
1145
978
1052
1015
1137
1067
1010
1035
1023
1018
1025
1034
1020
1099
1033
1107
1215
1110
1092
1167
1218
1120
1171
1164
1131
1136
1039
1107
1109
1202
1093
1087
1118
1073
1066
1247
1146
1084
1138
1131
1022
1163
1152
1172
1130
1233
1230
1106
1116
1151
1133
1116
1126
1252
1070
1102
1131
1086
1215
1184
1181
1087
1137
1193
1176
1237
1242
1131
1152
1205
1188
1087
1251
1155
1188
1056
1297
1364
1195
1210
1123
1220
1164
1236
1148
1082
1143
1207
1240
1176
1241
1235
1232
1210
1287
1228
1132
1141
1138
1189
1088
1138
1176
1173
1228
1115
1262
1215
1177
1202
1125
1228
1086
1198
1164
1096
1243
1101
1269
1185
1275
1215
1163
1135
1181
1238
1235
1212
1160
1208
1248
1184
1158
1142
1256
1294
1186
1225
1107
1218
1165
1140
1211
1144
1261
1165
1146
1190
1250
1117
1279
1211
1194
1073
1253
1198
1180
1171
1227
1154
1261
1209
1187
1174
1216
1168
1096
1105
1167
1234
1134
1157
1163
1170
1219
1102
1219
1143
1264
1113
1194
1228
1327
1176
1146
1200
1086
1233
1230
1099
1171
1139
1169
1236
1188
1235
1235
1192
1237
1282
1047
1116
1214
1078
1229
1248
1172
1259
1142
1192
1261
1103
1237
1252
1133
1148
1270
1119
1253
1189
1250
1243
1206
1255
1243
1305
1131
1153
1213
1134
1115
1105
1257
1325
1118
1195
1153
1238
1121
1174
1143
1161
1257
1256
1179
1170
1191
1149
1155
1222
1247
1173
1163
1156
1112
1167
1210
1159
1174
1133
1122
1260
1206
1186
1163
1158
1221
1098
1068
1034
1153
1252
1155
1150
1141
1051
1097
1108
1175
1131
1081
1105
1049
1178
1308
1179
1210
1104
1166
1119
1106
1177
1145
1163
1120
1153
1089
1216
1049
1039
1038
1080
1089
1117
1129
1131
1094
1130
1026
1016
1134
1037
1055
1011
1052
992
1063
980
907
1080
1130
1114
1114
1074
1016
992
1040
1122
1085
1036
1105
1131
942
1059
1041
1114
1094
1018
1070
981
1059
1090
1065
1051
1014
980
998
941
917
990
939
900
923
991
1044
1037
939
1036
1024
951
1061
957
899
942
1009
1020
978
977
1019
1137
967
905
961
1039
1012
965
1016
984
953
901
949
908
843
994
939
962
981
954
959
898
966
970
934
983
1057
981
959
982
931
1046
877
883
833
934
833
983
843
908
870
838
818
868
857
946
845
852
787
856
945
845
898
900
889
954
907
938
901
880
843
811
842
793
797
864
828
784
801
837
961
796
772
862
963
827
940
854
734
904
861
832
875
800
725
819
669
704
716
707
717
834
722
707
723
777
775
717
790
748
797
748
758
771
899
739
839
760
758
653
732
654
777
790
734
636
742
731
717
650
724
746
689
663
655
762
692
711
809
635
627
651
632
670
672
679
825
627
607
613
708
577
687
613
626
659
646
635
651
648
720
615
775
575
544
600
550
569
622
571
555
594
652
670
537
651
686
588
612
650
537
543
546
514
753
563
628
455
492
490
558
517
554
504
487
593
513
531
579
495
594
512
530
518
532
618
527
558
600
500
527
519
460
384
482
461
543
459
453
427
478
510
485
585
520
494
482
573
550
418
524
467
502
440
378
462
508
364
463
420
448
445
412
572
377
543
383
459
345
413
420
417
508
394
360
447
471
409
432
490
436
387
370
369
390
334
354
297
390
455
376
378
418
495
430
363
270
494
397
430
453
313
431
315
256
308
362
358
290
345
258
336
343
302
405
315
313
271
387
347
271
263
283
313
306
243
475
395
301
360
258
344
284
380
248
215
243
237
236
290
284
292
252
373
327
245
256
323
196
241
202
318
264
285
295
256
196
199
292
260
341
228
248
259
197
193
257
248
319
223
212
288
260
198
205
312
250
199
204
321
209
198
201
271
324
195
252
236
243
161
187
281
227
281
259
163
232
268
183
173
317
187
149
193
273
216
144
225
159
152
165
227
186
219
223
213
265
219
198
211
169
190
168
225
247
154
181
237
231
189
219
255
227
132
189
250
216
190
199
205
124
169
168
154
189
177
118
154
231
118
152
89
157
189
166
191
153
189
201
124
105
304
220
274
153
109
245
119
168
158
149
162
150
171
114
177
194
157
125
182
198
168
142
194
139
120
97
103
137
216
132
165
154
181
161
110
238
97
145
127
126
200
138
220
185
223
191
118
135
214
124
206
119
138
166
263
189
108
224
202
171
148
165
151
142
184
150
175
250
217
223
223
188
160
119
144
150
183
206
235
216
165
187
158
189
86
294
183
129
157
203
187
156
125
220
164
142
197
155
128
171
178
163
243
168
86
95
141
169
211
133
112
104
165
123
109
110
176
122
131
133
144
185
139
145
212
126
171
133
169
177
192
136
122
113
156
111
95
145
112
167
163
132
180
200
162
103
123
107
147
122
283
148
165
143
102
202
128
170
118
148
143
122
177
151
186
131
154
104
150
98
154
138
148
139
99
165
116
137
130
179
236
142
192
123
190
212
98
217
82
182
121
171
298
153
178
226
233
175
159
166
157
176
293
256
292
250
218
166
181
129
189
174
207
158
191
118
165
169
182
143
183
224
185
210
135
230
239
219
160
126
168
145
165
182
238
205
136
184
187
286
187
209
222
215
263
117
217
194
288
201
174
214
156
261
223
226
218
249
234
250
253
220
224
148
210
225
259
208
187
210
262
242
245
285
189
249
203
283
287
288
204
276
278
220
288
288
256
261
254
277
336
289
298
278
238
255
269
267
329
231
270
304
245
305
229
238
242
371
327
357
324
270
255
311
244
277
454
311
331
282
215
329
250
344
335
324
292
323
356
225
319
316
306
313
309
320
339
379
383
325
343
397
282
404
353
349
346
333
363
374
467
363
341
343
338
400
414
362
455
385
360
345
408
379
396
490
520
484
470
491
413
438
352
459
385
489
450
421
398
455
468
403
423
389
437
391
411
372
442
468
398
581
561
454
485
464
478
423
413
474
551
507
480
509
396
521
533
494
555
414
475
381
424
485
515
459
528
525
516
549
477
471
525
620
560
601
536
596
528
568
541
627
564
504
475
523
560
520
455
501
521
528
567
546
621
575
723
669
593
596
696
568
532
585
614
607
570
566
593
606
610
633
633
618
570
623
558
580
658
611
631
645
542
657
575
632
718
767
638
628
690
677
677
646
656
503
602
697
700
681
663
704
668
696
711
693
760
703
692
670
792
710
769
768
716
763
739
694
713
669
644
703
678
734
769
690
624
608
693
721
755
816
794
735
721
817
730
814
816
700
801
795
800
869
782
745
915
773
761
692
758
914
706
696
803
787
723
718
858
680
946
738
696
777
777
854
806
835
844
789
784
852
762
911
756
834
747
788
806
790
872
871
823
854
789
861
829
857
825
820
856
964
884
883
891
889
891
893
928
842
843
838
918
889
808
923
891
922
841
917
926
922
900
904
812
844
903
851
992
926
973
911
952
943
932
911
992
884
984
981
940
983
940
900
978
908
874
932
1008
949
1012
930
922
917
873
905
925
937
953
843
912
943
945
964
918
1012
948
981
994
1034
944
957
986
978
986
1019
935
1045
1045
978
960
1018
1076
1083
1071
965
1033
892
1006
1073
977
969
975
1089
1002
1068
1039
1022
980
971
887
1066
1083
1028
1004
1043
1067
965
923
962
1016
1001
911
1079
1094
987
1050
1089
1128
995
1030
1104
999
1048
1061
1024
1016
1097
1111
1012
1037
1139
1228
1094
1093
1037
1100
1003
1058
1016
1178
1038
1009
1066
1118
1039
1093
1036
1070
1209
1025
1082
1053
1174
1062
997
1053
1028
1112
1020
1089
1091
980
998
1047
1059
1102
1065
1027
1094
1118
962
1074
1267
1058
989
1054
1086
1057
1033
1053
1125
1064
1045
1026
1130
1090
1027
982
1069
1105
1060
1108
1057
1010
978
990
1067
1122
1119
1080
1109
1113
1149
1076
1007
1015
1218
1032
1096
1056
1006
1038
962
1097
1051
1069
981
1008
1139
1023
1096
1011
1052
1038
1075
1054
1006
1079
1072
1072
1144
1028
1017
958
1167
1019
1024
1075
1041
1059
1082
1129
1021
994
1030
1184
1105
1051
1036
1046
1080
1230
1043
1077
1251
1052
1014
1048
1072
1006
1032
1133
1050
1034
983
1117
1008
1098
1219
1077
1077
1052
1003
1021
1083
1087
1105
1023
1181
1151
1119
1106
1002
1113
1103
1093
1010
960
1077
1018
1074
998
1078
1038
1011
1102
1058
1101
1057
1027
1075
996
1045
987
1118
1071
1135
1066
966
1043
1100
1044
1165
1086
1004
973
1083
1058
1088
1036
1063
1021
1113
1084
1046
1138
1034
1022
1041
1113
1009
992
1070
1074
976
1019
956
945
1014
1016
926
960
961
1005
987
1099
974
966
1070
1004
990
975
962
926
1115
989
954
1044
887
932
932
948
1032
1000
1008
965
1074
942
1055
976
1030
931
987
927
971
1084
963
941
939
1004
985
1087
947
924
938
927
871
963
859
1034
1010
1082
970
908
996
930
955
942
978
890
939
813
981
949
1046
1022
972
954
999
970
982
994
945
983
842
942
936
958
963
988
890
948
843
841
814
819
891
855
909
860
819
901
898
874
846
938
909
895
913
893
782
908
880
893
956
874
720
820
882
776
806
836
764
818
912
781
826
859
872
796
825
789
819
877
837
833
757
785
860
860
766
901
759
905
815
888
769
752
728
703
866
797
765
756
774
725
706
835
914
748
774
800
788
814
724
736
721
759
788
730
708
852
754
765
805
778
742
637
715
751
709
669
672
709
758
780
699
688
698
748
646
725
700
759
627
708
705
680
652
698
626
601
561
708
580
605
734
631
599
685
700
680
590
537
649
624
644
729
581
655
656
663
698
623
612
714
604
563
595
622
568
554
533
609
644
592
665
532
606
691
565
558
648
553
644
594
536
555
643
577
684
497
546
536
516
548
680
601
540
555
536
476
531
509
560
618
527
491
545
529
528
516
608
494
500
514
502
447
534
484
485
570
521
462
432
483
490
515
479
407
457
449
431
589
543
421
530
492
599
574
442
442
505
405
358
410
358
444
428
496
457
431
484
416
378
397
410
444
455
453
437
395
459
381
412
360
487
457
506
383
351
350
332
391
384
366
390
324
392
418
354
349
391
387
291
345
336
437
358
318
397
390
328
331
356
436
398
319
324
341
319
339
394
322
320
339
290
334
362
384
303
378
281
301
264
295
278
335
322
324
325
391
260
353
375
317
357
266
251
259
263
273
227
270
284
358
260
275
236
240
330
384
239
259
244
301
256
336
326
275
291
288
240
255
201
291
282
281
229
193
204
201
233
332
227
260
227
252
276
302
221
190
211
206
270
195
209
202
197
283
246
211
272
220
231
204
232
245
202
257
189
245
245
251
198
142
190
186
101
141
204
279
228
139
217
218
171
232
161
161
148
186
181
185
161
196
223
267
173
204
191
198
172
215
258
185
165
168
215
126
202
170
132
143
279
186
164
207
138
221
178
145
132
153
198
138
163
127
132
151
176
168
196
149
104
195
107
141
139
139
117
162
129
130
137
102
142
156
205
163
166
95
249
208
134
187
164
139
93
129
228
200
170
140
123
155
148
111
128
223
190
144
272
161
89
166
107
100
108
143
115
122
95
183
149
104
143
103
137
122
132
209
96
156
249
193
173
221
128
237
181
169
105
129
136
109
199
202
163
153
137
155
156
145
173
97
121
178
82
119
93
124
137
129
154
157
157
129
199
158
139
220
151
98
137
153
138
96
140
116
123
93
136
120
112
162
91
85
93
122
138
110
111
130
156
52
100
64
146
141
118
71
111
89
137
130
171
102
94
112
101
96
141
90
115
117
97
115
120
137
96
103
136
108
159
146
185
94
90
92
101
108
79
144
98
131
128
156
140
236
149
96
93
178
94
87
187
110
125
154
86
111
103
115
123
134
73
126
96
129
134
109
120
93
96
135
100
145
114
146
88
177
156
98
132
85
122
189
88
173
131
77
114
161
121
108
97
94
106
123
65
81
142
91
186
97
109
156
162
137
168
133
112
142
164
114
217
122
140
142
154
133
162
161
182
161
128
168
140
149
134
198
173
122
97
170
103
130
149
136
148
146
163
104
221
142
191
149
140
169
102
116
123
115
175
152
214
135
137
220
141
204
226
262
224
178
221
149
194
163
176
239
200
209
201
211
125
139
219
147
185
220
190
226
192
189
219
185
190
246
205
205
231
158
174
199
213
206
151
187
170
157
249
284
391
191
232
252
184
250
241
316
277
290
252
231
272
275
218
230
319
230
232
292
256
247
236
238
180
220
249
210
224
235
255
248
248
353
224
340
298
298
296
298
353
286
368
301
362
337
252
282
325
309
316
280
334
262
282
423
357
343
296
321
388
277
312
278
302
315
298
326
294
329
299
378
289
347
363
349
345
331
360
339
356
282
332
389
445
317
407
345
405
352
375
322
353
384
337
309
323
308
300
382
382
285
370
427
323
411
456
422
419
411
408
430
418
420
393
468
461
388
357
381
364
344
401
408
369
439
409
406
389
367
380
399
366
394
431
465
413
418
511
457
479
402
421
427
414
435
417
424
458
467
465
492
448
487
443
459
512
444
408
502
453
439
429
444
496
531
543
438
473
437
492
587
473
488
535
587
521
480
505
450
579
561
541
546
537
492
494
581
489
525
550
490
474
546
501
550
504
495
498
601
524
576
471
564
620
604
572
562
524
589
578
649
578
547
563
610
557
580
588
645
642
586
506
520
580
576
626
620
661
659
642
482
655
648
551
579
626
593
658
629
654
661
661
610
608
714
674
654
675
578
677
565
613
627
615
633
618
633
660
621
616
595
670
573
707
578
663
678
666
599
721
615
751
626
627
648
639
704
795
702
711
720
724
653
772
706
672
761
783
729
695
703
657
662
678
669
734
703
676
678
744
633
700
692
666
713
639
740
713
713
757
744
685
623
652
679
663
781
698
710
675
697
732
764
757
800
740
781
753
814
852
812
686
762
742
824
749
799
816
711
829
803
796
673
736
734
815
770
753
771
721
749
788
754
725
768
724
707
807
738
751
772
736
754
759
778
790
748
711
851
804
725
772
859
814
759
840
879
799
819
810
803
802
859
813
819
808
818
830
811
876
887
860
745
802
774
876
771
873
818
767
825
770
827
798
785
805
799
791
788
838
777
833
776
834
789
862
786
875
790
829
800
815
828
822
895
829
786
816
810
777
859
839
782
821
795
830
824
848
817
896
899
835
842
852
819
792
845
824
818
881
801
800
753
868
765
764
828
817
866
830
788
945
825
774
783
811
809
811
869
830
804
761
770
783
837
825
805
813
766
763
772
793
793
856
777
864
778
860
799
865
800
808
832
831
866
789
882
801
885
775
795
792
830
883
817
810
828
810
776
849
799
846
816
750
772
830
797
755
729
780
778
818
761
801
805
808
834
772
796
819
821
795
821
769
806
761
773
780
812
869
780
784
818
819
860
784
901
871
840
847
783
817
839
857
802
778
830
872
842
810
795
853
781
741
803
784
810
847
800
775
880
828
870
768
841
821
881
799
836
834
800
758
784
824
780
935
851
860
793
806
824
762
886
779
812
892
792
815
797
811
811
772
803
807
877
802
830
788
821
821
793
