Insert ARRIVAL event in providerSet 0 at ts 0
153
178
206
145
128
223
145
114
158
159
204
192
201
136
243
132
169
166
108
178
112
117
153
223
214
240
87
163
83
165
194
113
82
133
177
209
100
107
218
176
166
165
176
169
130
201
177
179
214
185
118
258
128
98
196
172
118
104
189
171
179
185
209
145
160
145
186
175
178
157
150
130
184
230
138
176
254
178
184
175
188
201
156
237
129
159
137
142
161
97
143
127
191
139
171
204
131
210
203
191
204
150
196
169
207
219
210
156
204
251
169
158
184
260
207
260
188
135
245
235
195
214
194
209
159
158
248
199
175
191
187
196
196
205
301
229
150
198
250
186
202
259
255
205
209
191
239
245
203
224
294
285
253
239
296
256
181
257
309
265
189
201
266
227
242
268
154
217
176
279
246
156
287
245
246
269
352
306
264
224
312
284
345
234
239
328
287
237
286
257
309
258
243
376
250
301
243
321
343
275
248
314
405
294
409
382
308
373
281
324
366
320
304
386
317
322
297
368
305
247
329
254
278
330
358
350
199
336
315
382
329
386
379
342
468
313
343
444
357
360
324
451
387
315
374
414
371
419
357
471
322
316
563
347
360
354
335
339
425
438
462
398
418
480
482
486
511
464
554
515
467
460
465
408
423
464
419
449
461
451
415
404
484
455
455
524
428
522
455
540
466
437
387
508
493
481
562
533
443
538
478
458
451
463
487
570
471
575
570
606
546
507
523
492
538
470
593
576
595
615
526
558
477
511
545
549
567
462
574
624
561
600
698
631
531
677
518
629
596
616
697
658
611
599
726
574
640
613
598
589
586
711
738
610
629
662
713
603
622
620
588
740
639
695
669
580
686
715
681
639
640
571
656
609
673
635
791
731
715
786
760
666
741
839
629
737
677
673
718
752
700
717
729
772
806
617
700
787
821
696
761
857
755
683
707
743
840
781
768
819
723
819
724
803
707
746
791
756
797
782
756
789
842
823
872
818
806
904
804
839
799
786
795
790
817
778
898
781
856
848
902
863
815
868
872
769
970
838
937
809
897
979
854
887
982
910
895
908
799
830
845
848
947
906
859
847
875
892
871
933
892
876
951
937
922
895
983
925
965
940
941
976
977
939
844
1064
952
1008
943
956
921
972
991
952
979
914
876
885
976
1060
1072
942
992
1031
998
1011
987
955
986
1033
1027
924
977
983
981
1025
973
916
977
1043
1028
939
975
1121
969
986
1013
972
965
1125
1069
1062
1018
1094
1089
1062
983
1044
1061
1066
1027
1067
1086
1085
987
1121
1147
1132
1061
1023
1010
1100
1090
1134
1064
1068
1087
1085
993
994
1119
1129
959
1158
1149
1079
1047
1063
1144
1167
1078
1169
1080
1157
1143
1182
1090
1228
1152
1122
1272
1223
1095
1088
1076
1127
1134
1078
1109
1069
1100
1139
1128
1168
1122
1108
1102
1377
1199
1165
1086
1063
1096
1125
1192
1115
1183
1035
1241
1129
1193
1270
1132
1194
1168
1159
1223
1167
1101
1181
1129
1193
1262
1253
1149
1180
1113
1208
1186
1153
1159
1096
1195
1166
1101
1136
1093
1133
1149
1247
1183
1219
1137
1159
1207
1143
1241
1213
1173
1268
1303
1130
1231
1182
1133
1149
1039
1150
1242
1153
1154
1136
1210
1239
1288
1195
1175
1215
1132
1138
1108
1205
1193
1132
1274
1220
1169
1270
1209
1236
1224
1122
1250
1180
1152
1319
1216
1090
1324
1248
1082
1093
1196
1197
1160
1315
1090
1198
1204
1200
1169
1193
1214
1115
1257
1006
1155
1209
1262
1205
1145
1235
1164
1216
1188
1170
1137
1106
1122
1207
1168
1172
1142
1239
1155
1175
1140
1175
1332
1235
1095
1195
1172
1185
1217
1177
1180
1266
1274
1136
1272
1303
1172
1080
1198
1211
1180
1241
1188
1167
1170
1159
1209
1229
1286
1196
1222
1226
1126
1104
1227
1199
1138
1201
1158
1175
1276
1206
1355
1159
1110
1156
1201
1110
1135
1144
1130
1191
1173
1181
1196
1141
1168
1100
1171
1202
1237
1117
1337
1122
1235
1187
1159
1086
1294
1239
1167
1318
1186
1163
1138
1116
1237
1203
1238
1293
1227
1149
1241
1224
1289
1124
1141
1160
1144
1117
1176
1193
1082
1074
1163
1007
1248
1217
1179
1067
1038
967
1067
1148
1148
1135
1151
1098
1081
1144
1047
1197
1075
1177
1174
1146
1192
1125
1077
1066
1139
1238
1152
1143
1073
1188
1112
1054
1148
1118
1124
1230
1147
1084
1180
1212
990
1075
1110
1046
1018
1028
1031
1088
1067
975
916
1101
1154
997
1134
1066
1168
1136
1028
1020
1099
1100
1019
1056
922
1081
1076
1073
1065
1017
1054
1005
1014
1120
1090
1056
955
876
984
1036
997
953
1046
1035
1112
1057
1016
965
982
939
1061
935
1036
935
1008
951
1014
937
1008
1081
1053
926
866
1042
969
972
916
984
876
956
1051
981
987
972
928
865
892
920
926
964
948
953
821
986
865
1038
872
953
927
907
853
893
978
881
838
995
838
893
898
961
901
818
791
938
845
911
853
811
761
901
799
899
908
965
825
875
899
755
802
857
848
824
808
939
856
811
831
805
738
748
807
844
827
779
788
830
842
903
806
807
851
774
805
784
775
799
822
851
801
828
842
859
829
752
822
713
786
760
820
721
738
790
764
690
797
777
730
686
726
718
716
664
695
648
709
674
681
739
710
787
675
716
677
796
713
704
764
621
613
777
648
710
521
634
635
767
632
595
640
606
618
708
757
650
733
651
629
771
617
605
589
569
579
584
586
601
553
582
651
517
633
617
581
560
599
627
638
623
451
612
576
559
535
498
520
624
490
550
577
452
587
529
532
499
514
488
443
471
653
523
644
496
529
549
576
554
586
446
532
568
400
545
465
368
513
539
453
452
428
469
499
421
402
461
401
449
620
619
411
481
500
410
414
439
463
447
446
409
486
456
445
465
401
423
379
409
401
434
387
433
457
437
404
465
358
344
339
339
520
369
375
360
382
310
297
348
347
391
407
459
329
349
343
436
434
361
320
373
379
313
342
343
261
368
408
270
296
317
318
402
454
430
326
317
388
280
383
369
266
310
290
302
350
437
277
380
301
291
306
246
343
246
284
262
307
232
348
245
219
322
277
234
299
269
200
259
314
283
281
273
277
283
312
363
262
252
244
224
270
371
294
211
189
203
218
180
222
200
187
251
227
156
235
257
349
315
290
269
258
195
240
217
230
193
264
325
209
255
201
262
176
303
170
206
265
269
163
281
243
263
221
152
226
213
214
180
215
170
159
226
214
190
197
220
185
179
207
175
185
130
257
279
185
268
264
155
228
214
187
207
148
190
211
153
167
133
160
154
97
141
172
157
247
181
126
174
186
107
127
161
186
128
172
131
169
148
134
175
181
175
201
139
226
150
141
143
206
166
171
167
92
205
114
157
208
151
174
147
138
144
154
192
214
195
134
202
126
122
193
132
149
111
269
178
213
191
171
157
150
201
148
180
137
142
101
127
110
156
126
216
196
175
190
136
175
149
112
162
160
141
170
144
140
182
225
121
193
252
99
173
130
150
126
129
165
150
182
143
152
165
162
164
222
171
179
142
137
178
165
240
225
170
172
129
157
183
166
228
124
120
145
188
220
86
134
235
168
136
157
119
199
106
123
206
193
226
138
104
114
158
123
199
94
153
166
156
222
130
153
179
142
213
158
159
127
185
194
196
136
124
120
170
189
196
159
200
167
143
73
177
135
170
130
181
138
151
127
195
218
201
142
145
106
122
189
163
234
208
88
171
171
241
188
137
241
120
250
125
142
171
274
136
133
174
154
144
199
233
192
171
246
184
200
180
251
137
222
200
110
147
184
265
204
211
145
186
216
197
143
199
211
222
197
196
241
161
167
235
121
163
165
163
219
195
211
175
184
248
212
211
244
214
342
173
229
164
243
234
268
262
298
246
205
266
236
155
244
307
238
235
217
281
165
297
205
258
226
199
240
250
250
207
274
302
269
246
295
258
362
287
270
232
295
173
323
228
327
340
268
263
260
365
247
317
206
299
317
246
280
305
256
249
320
370
330
266
327
351
263
389
411
351
347
289
291
334
378
366
301
284
356
276
295
306
330
266
348
399
335
388
364
478
498
415
323
405
339
302
331
381
358
433
368
419
384
338
430
382
368
385
372
383
365
389
294
416
489
398
407
414
426
378
438
497
434
420
421
406
432
524
368
487
413
436
429
457
375
409
438
397
505
481
536
467
481
518
404
528
454
581
492
455
513
479
414
534
497
623
392
438
498
455
503
526
507
624
595
518
571
517
589
512
594
571
460
579
590
497
448
654
460
573
471
555
585
519
557
706
646
606
605
658
601
552
512
623
470
554
623
515
523
591
635
561
611
627
675
581
638
647
582
636
584
634
663
572
547
555
667
639
630
674
640
715
664
671
701
621
720
721
561
639
746
741
705
689
724
777
652
660
718
694
739
751
721
628
604
664
651
786
752
690
713
703
607
752
797
703
724
776
700
744
791
770
824
696
930
705
879
816
778
836
749
751
637
829
699
798
818
738
897
807
836
885
818
827
806
778
762
895
785
798
854
800
773
924
821
771
791
826
922
860
798
994
850
872
886
856
903
868
839
846
841
853
822
822
869
871
931
788
839
968
1001
904
868
910
951
857
836
1025
893
977
877
896
871
926
863
978
974
895
1015
1092
886
877
932
948
961
969
860
899
963
856
956
942
881
915
909
1011
1061
928
1073
1090
1029
1000
1062
1048
1056
1063
998
1079
972
897
951
1027
1025
987
1011
986
1071
999
978
1002
1024
1006
955
992
983
1059
1013
1045
1178
1080
1099
1048
1057
1071
1001
1055
1080
926
1136
1058
1015
1098
1101
1168
1137
1183
1067
1066
1119
1010
1105
1095
1234
1032
1017
1132
945
1004
1062
1054
1107
1112
1096
1141
1163
1097
1049
1208
1143
1025
1091
1064
1169
1127
1134
1213
1124
1068
1176
1015
1221
1109
1228
1275
1170
1119
1075
1059
1032
1145
1093
1135
1077
1227
1071
1181
1209
1210
1066
1136
1057
1265
1102
1108
1167
1138
1169
1147
1169
1123
1145
1132
1206
1218
1225
1102
1224
1206
1213
1189
1169
1216
1183
1235
1159
1170
1118
1194
1127
1135
1203
1184
1062
1252
1173
1131
1142
1254
1146
1299
1114
1149
1117
1155
1220
1213
1243
1115
1228
1208
1214
1105
1127
1231
1210
1136
1204
1311
1251
1174
1246
1137
1197
1163
1345
1125
1133
1084
1121
1107
1171
1250
1157
1137
1259
1143
1230
1138
1200
1194
1173
1322
1268
1117
1157
1290
1196
1163
1143
1228
1145
1110
1212
1172
1145
1165
1164
1095
1080
1109
1074
1248
1122
1120
1122
1130
1222
1190
1161
1213
1180
1187
1174
1259
1138
1148
1226
1216
1227
1041
1125
1254
1297
1159
1126
1166
1183
1099
1267
1260
1156
1168
1228
1198
1217
1280
1270
1150
1292
1215
1189
1179
1116
1253
1171
1225
1098
1174
1175
1173
1195
1213
1218
1147
1115
1173
1381
1208
1138
1084
1230
1141
1126
1248
1117
1184
1269
1111
1302
1063
1242
1268
1166
1113
1183
1111
1185
1308
1151
1217
1217
1163
1210
1086
1261
1233
1128
1125
1141
1121
1149
1213
1148
1094
1180
1076
1169
1148
1156
1281
1195
1227
1183
1156
1181
1228
1144
1178
1210
1215
1178
1100
1161
1178
1155
1130
1111
1078
1222
1074
1147
1085
1073
1096
1028
1138
1133
1062
1174
1124
1075
1060
1187
1105
1117
1018
1105
1131
1049
1146
975
1134
1108
1213
1089
1104
1117
1128
1160
1132
1131
1107
1020
1131
1123
1086
1012
1020
1059
1002
993
976
1061
1170
1108
1004
1020
1087
1183
1048
1101
1053
1161
1054
1102
1008
1028
1019
1081
1032
1203
1101
1227
1172
1136
1049
1140
1056
1036
1054
1056
1003
1005
1038
1082
985
907
978
1030
1053
1092
966
921
1028
983
1015
976
906
966
1037
993
1008
1047
1043
1127
958
1003
914
995
1017
1014
918
961
873
901
873
986
913
969
956
1002
922
891
882
960
924
908
1029
839
1000
990
898
904
998
998
900
928
872
956
927
877
938
902
854
960
864
914
989
950
812
808
804
878
895
934
866
958
891
857
870
968
995
899
805
900
868
848
840
900
953
823
889
838
783
759
888
938
791
795
756
891
877
888
788
830
845
807
746
765
736
823
786
823
828
778
741
668
719
740
741
696
749
736
770
782
733
777
767
840
751
769
751
823
702
769
686
807
716
635
694
669
733
763
614
728
558
726
705
712
718
704
746
820
743
732
679
633
649
629
588
564
587
641
676
641
695
667
564
637
632
611
743
663
688
670
664
642
605
580
632
630
641
561
724
595
620
600
675
661
611
523
534
613
549
500
563
613
611
598
530
586
480
571
485
510
472
494
541
584
509
562
556
479
593
516
550
520
675
541
567
580
510
622
526
487
462
506
509
466
529
411
412
458
512
476
566
536
481
499
477
521
495
506
495
502
452
456
414
445
459
368
419
495
464
381
430
480
430
434
427
467
416
426
390
491
459
444
398
420
511
418
400
371
391
381
374
442
387
352
352
390
397
399
323
360
373
346
378
369
366
358
316
375
426
454
280
424
304
352
296
293
368
283
319
331
259
318
390
299
337
330
480
260
283
369
317
305
299
301
344
327
367
304
358
277
254
295
259
279
256
244
277
253
241
236
292
370
293
318
220
238
232
252
235
418
335
335
225
254
359
224
312
259
253
238
237
298
185
295
153
291
254
270
189
202
281
246
251
286
250
252
214
269
215
191
254
233
315
212
274
162
167
326
195
226
246
227
237
246
222
214
268
166
196
163
224
186
246
228
169
200
147
178
206
161
119
197
302
197
185
218
245
126
200
153
206
233
200
186
182
166
239
178
298
194
157
200
227
218
178
194
159
255
223
150
240
223
137
182
211
139
158
209
180
163
146
134
221
194
104
191
171
99
149
107
163
98
150
183
170
175
192
199
238
148
179
192
129
109
184
118
66
168
223
174
128
117
149
171
164
161
122
176
280
146
270
107
127
159
113
126
178
176
191
214
203
174
220
169
181
125
195
57
171
145
186
145
185
180
240
205
138
114
131
167
203
219
122
131
201
117
153
180
125
106
94
134
174
89
103
168
320
190
164
195
104
156
168
197
161
179
233
196
125
190
172
146
257
135
127
175
136
189
218
160
144
193
163
145
147
207
256
224
198
183
93
207
138
176
154
200
196
140
127
176
129
187
135
223
107
173
156
187
182
169
194
178
240
185
149
184
161
206
175
184
144
150
163
219
215
167
138
141
129
249
209
175
157
196
178
169
154
157
190
158
254
171
226
330
222
90
236
176
293
106
184
184
179
161
121
227
120
178
185
142
149
158
122
103
151
218
286
257
225
222
176
201
263
304
194
270
271
250
261
142
153
341
158
153
259
250
190
196
161
222
154
202
190
200
244
309
248
138
192
152
154
198
201
204
210
194
168
166
178
196
269
286
304
293
232
352
261
208
303
260
252
248
268
154
232
250
247
240
313
217
196
381
230
173
263
219
310
260
206
260
226
219
206
225
258
299
267
274
328
267
309
249
299
317
246
303
265
298
340
262
316
226
307
322
290
319
313
305
399
358
329
252
249
296
292
366
387
353
302
271
331
257
293
307
398
248
399
326
355
355
287
288
337
362
349
285
273
426
267
349
505
325
317
359
364
337
403
453
418
425
425
390
464
336
415
279
406
385
392
432
283
362
346
298
365
425
390
377
446
404
505
556
368
364
446
531
445
490
421
351
357
410
462
443
444
493
389
484
529
461
470
402
386
481
504
605
466
409
454
463
458
586
494
542
453
472
525
443
515
479
489
451
507
463
464
405
601
498
587
450
596
553
539
553
598
529
594
524
551
552
664
402
567
619
495
530
540
524
550
660
546
605
531
543
528
572
532
607
595
686
558
657
619
501
504
471
594
588
610
615
573
534
665
746
649
670
644
631
719
593
666
676
687
616
584
663
686
564
625
635
638
642
671
729
685
709
687
737
664
676
742
720
775
782
722
705
897
768
607
667
776
644
788
679
789
698
776
763
789
869
761
850
802
904
782
828
804
821
798
741
799
722
761
871
751
863
731
733
747
721
855
776
810
856
941
806
789
884
814
815
874
819
880
823
830
887
743
851
834
851
906
805
835
837
859
841
828
808
895
829
914
943
838
856
919
916
841
899
803
878
867
964
775
869
863
896
878
931
884
936
995
985
971
929
961
940
934
1003
1043
1012
976
926
969
853
967
982
1045
919
991
912
927
925
925
1040
974
989
916
907
937
1000
929
1064
997
964
1057
903
962
956
998
1031
1050
953
1004
991
981
1085
1006
930
983
1056
989
1049
983
1094
1025
1083
1070
1047
985
972
1042
1037
1090
1042
973
1042
993
1060
1094
1051
1095
1077
1083
1086
971
1062
1045
1077
997
990
1069
1040
1014
1094
1128
1139
1181
1125
1054
1049
1026
1155
1038
986
1188
1191
1079
1198
1175
1187
1011
1108
1110
1072
1081
1172
1099
1052
1141
1125
1157
1079
1172
1138
1225
1052
1173
1134
1063
1201
1232
1114
1102
1174
1127
1114
1168
1003
1167
1108
1221
1108
1176
1063
1104
1108
1186
1016
1136
1269
1201
1232
1180
1227
1128
1174
1198
1129
1194
1232
1076
1255
1138
1165
1152
1225
1196
1198
1184
1165
1114
1195
1124
1131
1226
1043
1293
1096
1180
1133
1164
1199
1138
1222
1226
1241
1167
1226
1187
1167
1141
1176
1139
1189
1167
1122
1177
1242
1194
1181
1353
1218
1138
1113
1225
1225
1283
1104
1249
1140
1242
1172
1083
1235
1280
1116
1098
1176
1105
1166
1140
1283
1141
1151
1236
1133
1278
1155
1117
1168
1190
1266
1233
1145
1213
1161
1200
1269
1304
1215
1222
1151
1197
1195
1140
1124
1094
1165
1297
1220
1164
1130
1230
1200
1274
1178
1070
1166
1189
1152
1221
1221
1177
1144
1130
1266
1274
1231
1178
1208
1205
1098
1127
1266
1140
1225
1084
1188
1174
1169
1236
985
1284
1135
1230
1320
1208
1199
1205
1192
1280
1209
1135
1252
1188
1264
1180
1211
1120
1211
1238
1221
1247
1178
1089
1188
1316
1123
1053
1159
1230
1142
1199
1200
1148
1167
1197
1245
1267
1149
1162
1229
1163
1181
1171
1089
1224
1160
1271
1156
1210
1263
1163
1190
1290
1183
1166
1103
1154
1167
1184
1215
1063
1248
1183
1156
1155
1253
1157
1163
1140
1178
1263
1305
1156
1152
1102
1094
1180
1084
1101
1109
1054
1094
1101
1111
1081
1062
1249
1117
1147
1129
1158
1103
1160
1174
1116
1179
1048
1218
1082
1064
1113
1075
1113
1056
1136
1093
1153
1240
1074
1008
1070
1064
1169
1094
1061
1087
1188
1059
1089
1081
1104
1130
1158
1044
1034
1003
1005
1102
1022
995
1143
1027
1127
1071
957
1058
1042
1060
1005
1016
1012
1038
954
1085
998
1162
1010
1139
1140
1039
1117
1151
1012
981
889
1007
1101
967
967
1055
1051
958
1043
939
962
921
1026
966
1056
1022
1096
1105
1031
1050
959
1020
998
1008
1029
1018
994
876
1000
933
961
938
903
924
941
943
937
867
952
886
998
971
919
959
902
909
944
967
965
961
937
931
864
928
930
976
918
868
908
925
844
935
838
876
971
870
955
885
896
870
896
912
932
835
1029
734
917
827
846
956
859
912
810
790
833
858
778
829
865
751
878
803
881
808
854
782
771
789
853
824
780
906
838
836
901
845
820
774
838
770
859
788
745
787
814
851
835
781
755
788
687
761
766
832
806
831
807
810
754
716
841
738
794
775
777
806
658
682
723
790
712
780
792
721
786
736
775
709
688
694
757
767
654
614
620
657
616
661
700
680
685
661
675
658
633
790
651
682
807
671
785
821
671
627
651
605
643
597
577
527
730
574
655
549
575
575
624
568
628
648
601
638
621
699
632
598
626
543
599
549
575
655
518
587
575
565
489
574
387
607
564
549
596
508
586
559
546
567
496
560
533
631
553
640
554
580
409
497
439
574
466
513
495
542
485
375
397
521
463
461
392
468
555
378
526
452
459
458
341
385
460
387
478
529
502
414
354
483
558
384
473
413
413
351
464
368
443
372
427
375
385
428
421
342
432
340
276
399
357
304
378
515
329
361
375
381
412
368
391
450
339
416
365
474
402
440
314
257
333
427
370
292
283
304
374
255
311
350
384
341
364
252
387
306
331
374
275
328
337
370
431
296
383
292
246
243
238
349
306
329
333
206
230
336
279
256
312
329
341
286
287
264
305
375
292
369
303
245
209
287
192
352
276
273
216
388
254
240
250
341
175
309
202
266
276
247
199
173
261
258
340
221
317
184
218
255
286
296
211
215
232
295
283
211
265
242
172
207
313
206
131
192
211
254
187
226
230
179
167
252
256
203
283
167
152
191
270
242
230
198
161
204
241
157
210
219
180
167
203
193
253
187
199
169
136
277
166
272
143
211
159
270
212
181
171
175
112
128
183
301
79
240
176
119
135
250
130
168
173
183
159
183
250
139
155
126
158
153
104
234
162
116
127
129
196
168
216
102
148
166
293
124
201
117
131
182
153
106
195
151
203
186
157
211
166
136
191
158
210
183
227
104
177
199
131
117
214
197
188
149
116
190
147
149
164
177
152
284
198
129
162
119
177
135
195
180
170
150
145
203
202
214
258
122
190
158
267
124
299
96
190
245
169
127
122
310
184
170
151
194
201
145
216
211
175
178
225
229
222
163
248
143
155
237
166
177
170
213
227
237
156
258
128
157
97
143
223
210
164
285
276
123
167
294
206
159
242
201
147
193
263
188
200
138
321
266
103
135
260
174
175
252
222
194
250
165
121
167
310
234
192
254
180
137
203
180
272
261
162
188
200
309
171
265
150
272
236
240
177
179
161
328
240
127
170
209
186
205
187
121
86
199
205
157
218
189
157
295
230
304
287
259
342
213
211
211
180
339
176
253
200
358
317
314
340
264
165
286
203
183
210
162
214
201
193
191
244
212
259
245
421
314
163
300
331
284
318
264
349
174
299
228
213
253
185
289
200
187
293
308
219
253
221
235
188
298
285
296
274
259
226
193
374
428
346
271
311
436
277
365
259
367
355
316
324
291
256
319
231
325
293
261
351
223
262
280
265
328
326
349
407
344
358
340
367
349
388
398
346
341
351
329
324
330
355
376
340
391
346
333
328
288
325
424
390
359
325
447
388
368
334
383
488
454
390
501
332
435
402
381
338
363
428
391
490
372
543
541
554
365
531
395
416
447
434
444
409
521
410
490
405
377
393
460
452
495
408
447
436
624
512
648
445
578
504
412
558
573
441
463
460
411
384
452
463
387
612
618
506
561
529
645
568
581
494
594
613
549
601
577
569
607
615
538
538
628
574
544
632
549
637
638
681
598
588
601
682
581
696
686
584
664
574
692
566
539
557
597
710
672
674
694
737
656
741
619
668
659
706
692
590
622
689
654
658
654
667
698
671
716
697
728
701
760
681
671
735
589
730
708
671
698
824
769
824
795
818
857
830
739
822
844
734
748
793
637
624
828
812
730
796
761
840
788
806
899
810
868
833
826
914
878
819
820
893
783
848
838
777
797
774
787
815
808
811
804
941
911
863
922
814
916
886
955
864
892
944
908
774
802
893
869
869
903
1067
924
852
825
956
1012
860
912
931
1032
1013
980
1009
894
910
904
868
957
872
959
970
1010
1086
1065
1096
960
1010
969
1016
1037
989
1137
1229
1013
1062
1071
916
1065
1065
1081
992
1115
1012
1255
1027
1129
983
1159
1079
1093
1119
1152
1035
1009
1230
1047
1056
1103
1142
1115
1022
1099
1160
1086
1042
1062
1132
1129
1100
1041
1164
1092
996
1119
984
1219
1033
997
1131
1167
1171
1096
1116
1192
1051
1223
1302
1095
1327
1232
1143
1215
1056
1136
1251
1339
1172
1204
1263
1237
1204
1125
1129
1134
1240
1189
1078
1179
1255
1211
1208
1122
1259
1285
1284
1301
1163
1068
1231
1165
1283
1217
1204
1327
1284
1198
1201
1211
1155
1218
1226
1211
1231
1425
1237
1292
1310
1344
1250
1464
1277
1432
1386
1463
1136
1236
1271
1319
1308
1247
1268
1212
1227
1225
1381
1344
1431
1200
1322
1365
1342
1241
1315
1327
1247
1256
1297
1281
1398
1434
1387
1465
1274
1412
1456
1303
1414
1341
1386
1406
1388
1460
1281
1385
1370
1342
1394
1421
1418
1301
1415
1329
1356
1313
1415
1337
1424
1365
1368
1382
1315
1478
1390
1591
1433
1404
1339
1447
1466
1449
1465
1472
1397
1398
1431
1383
1463
1489
1500
1371
1476
1531
1411
1462
1427
1454
1351
1288
1405
1564
1565
1482
1411
1509
1317
1389
1423
1457
1481
1451
1361
1377
1455
1444
1387
1394
1412
1326
1404
1446
1488
1409
1344
1385
1329
1346
1349
1362
1437
1419
1350
1496
1376
1385
1425
1535
1492
1379
1551
1375
1490
1379
1380
1385
1346
1484
1369
1443
1495
1480
1661
1506
1381
1368
1373
1515
1403
1381
1516
1430
1467
1494
1387
1368
1514
1532
1469
1392
1318
1477
1351
1367
1415
1404
1407
1415
1582
1323
1480
1462
1411
1516
1489
1495
1375
1319
1604
1336
1284
1374
1555
1446
1377
1381
1367
1448
1466
1526
1453
1426
1443
1371
1347
1548
1473
1484
1425
1480
1312
1364
1502
1494
1428
1499
1450
1437
1349
1491
1483
1474
1426
1321
1473
1421
1399
1482
1405
1433
1326
1517
1344
1632
1450
1484
1517
1271
1548
1340
1310
1378
1350
1562
1455
1375
1472
1455
1534
1481
1517
1452
1407
1360
1387
1416
1483
1482
1435
1373
1396
1456
1501
1460
1391
1435
1452
1348
1436
1289
1315
1316
1388
1422
1320
1444
1296
1294
1295
1473
1318
1334
1320
1297
1221
1424
1382
1451
1373
1306
1320
1318
1425
1328
1519
1247
1393
1471
1408
1421
1359
1410
1397
1371
1354
1415
1387
1404
1214
1397
1259
1335
1200
1205
1344
1300
1282
1328
1359
1231
1315
1354
1266
1388
1338
1246
1230
1383
1333
1245
1268
1311
1364
1274
1263
1320
1296
1277
1263
1378
1264
1202
1283
1147
1199
1184
1272
1278
1280
1402
1311
1230
1277
1303
1250
1132
1230
1266
1278
1317
1224
1283
1112
1205
1204
1210
1317
1046
1192
1177
1095
1242
1188
1188
1154
1152
1221
1036
1225
1207
1229
1110
1224
1235
1093
1175
1156
1134
1100
1283
1191
1321
1271
1064
1043
1264
962
1261
1125
1058
1153
1349
1115
1239
1062
1110
1240
1114
1047
1127
1194
1054
1148
1099
1031
1111
1172
1108
1231
1197
1163
1052
1066
1029
1049
1020
1119
987
1097
1071
1156
1098
1073
1077
1069
969
1006
1100
1035
1056
1042
1106
1041
934
1031
1014
938
1068
970
1022
997
1002
986
1029
1077
1039
1069
980
1065
932
1018
1025
1035
920
939
915
1021
946
871
1011
911
1046
981
936
971
941
955
975
891
831
885
966
919
936
908
909
993
954
770
1063
795
848
872
965
900
818
820
842
769
873
847
877
854
853
763
1012
792
806
888
834
752
823
757
817
923
878
678
829
838
683
747
708
811
714
774
836
797
826
736
747
855
759
801
706
678
739
735
726
751
884
685
650
721
680
798
702
771
726
775
656
781
803
620
725
567
712
685
588
563
733
699
654
714
535
661
535
630
647
668
611
776
811
712
682
686
614
592
588
658
581
607
542
667
583
627
544
679
718
583
577
603
646
545
406
467
564
475
495
610
486
496
519
676
611
614
701
583
442
568
574
640
602
532
440
574
585
422
522
513
402
603
532
492
516
434
471
409
536
565
562
580
532
470
519
601
402
471
478
519
467
422
445
386
414
437
473
441
420
447
473
422
512
540
462
338
333
425
430
506
392
421
361
371
372
371
458
508
331
346
454
360
484
412
330
364
433
368
373
364
324
250
306
286
320
394
456
338
456
325
376
450
379
373
283
492
268
293
335
457
494
394
240
296
307
268
286
344
424
255
320
373
319
266
405
300
372
274
333
279
279
229
298
313
340
327
288
289
240
219
314
264
287
261
266
214
269
256
339
271
387
248
314
270
282
261
354
236
258
248
352
308
238
285
271
228
277
278
285
188
344
253
379
242
205
235
198
219
208
125
303
239
187
318
242
144
217
247
198
261
236
277
173
205
263
177
245
232
229
225
160
236
327
165
177
228
192
288
284
158
285
233
85
212
176
234
147
152
194
111
163
119
185
169
149
176
155
174
223
133
246
274
203
146
199
200
187
162
184
176
126
254
128
178
208
169
172
221
199
127
174
117
139
266
182
194
207
278
184
132
201
149
270
284
192
190
206
129
227
111
267
205
175
242
211
282
167
146
259
276
152
195
261
187
168
194
137
208
293
255
260
188
179
242
239
178
244
193
224
195
148
262
193
164
151
292
225
161
295
219
219
192
184
178
149
101
139
171
137
139
138
92
194
120
105
93
186
123
108
123
114
114
129
118
115
122
144
86
126
94
190
150
178
166
200
98
122
99
119
121
131
123
125
134
108
140
230
105
87
200
74
131
159
184
91
208
112
145
111
121
79
152
104
86
184
114
103
172
113
75
143
112
127
122
89
143
148
111
111
152
148
196
129
149
137
133
160
144
142
145
112
190
125
123
247
116
152
127
149
109
136
114
109
104
111
96
101
104
114
120
169
177
191
226
157
168
146
182
157
116
150
233
181
112
202
237
130
195
139
221
203
179
172
171
110
178
207
229
108
168
146
142
120
140
176
165
146
170
205
156
197
171
194
158
183
191
156
182
197
137
162
216
173
206
243
251
234
190
188
193
209
136
218
225
246
232
218
154
247
241
217
170
197
202
208
157
157
190
189
213
207
165
191
225
188
249
241
236
211
284
154
270
278
277
224
264
268
274
240
289
249
249
245
280
252
193
200
266
284
299
221
221
191
229
247
205
257
279
203
219
176
350
237
251
246
226
330
278
316
291
233
257
350
313
286
305
340
339
299
303
315
294
331
291
325
321
342
363
288
253
283
266
298
200
294
261
248
358
449
362
376
328
348
369
378
303
353
356
396
386
324
303
310
407
434
316
325
355
388
349
348
444
315
385
264
383
499
404
387
485
436
371
380
393
500
373
408
445
362
420
422
390
412
373
421
489
437
396
441
511
405
411
353
337
358
482
418
372
443
443
414
456
497
393
431
526
390
482
478
456
440
447
406
514
554
430
514
497
494
463
559
499
461
406
515
594
555
554
505
549
551
528
545
406
528
560
445
460
429
526
522
490
510
568
577
495
521
554
564
615
565
564
476
482
616
567
579
588
564
593
529
571
619
607
594
615
484
563
553
635
600
604
606
651
649
591
548
595
589
605
580
588
558
647
584
629
639
702
622
775
626
620
643
701
619
678
652
570
649
703
623
614
630
687
607
564
637
608
591
659
620
605
733
719
739
757
749
740
678
695
798
725
690
771
646
687
737
647
647
695
693
677
685
681
639
694
632
778
667
732
714
760
693
740
674
795
765
756
769
729
745
760
758
712
809
828
760
778
657
731
738
767
730
743
809
778
722
700
754
744
777
757
834
770
752
756
737
831
691
756
849
806
810
837
872
880
802
798
777
831
858
759
778
815
870
772
897
787
919
860
739
838
780
843
852
835
845
818
807
848
826
853
776
849
867
825
800
763
785
784
915
872
977
908
879
945
873
948
872
828
847
871
846
806
913
887
873
947
787
886
874
853
863
870
948
929
797
960
854
907
991
896
859
804
834
840
904
865
854
789
881
916
834
840
811
843
804
806
825
886
979
880
961
947
986
899
879
880
1026
896
921
955
1028
918
1014
958
921
1001
911
981
1040
1032
966
966
915
970
992
929
915
925
960
945
879
969
995
936
927
1012
897
982
952
924
938
918
937
921
904
866
978
1015
992
926
889
994
844
984
933
875
910
903
954
933
946
900
927
875
954
962
944
932
931
916
926
928
945
938
905
1018
890
896
920
1088
934
925
896
942
959
878
939
928
1000
972
967
984
901
1054
920
946
896
887
924
923
906
946
968
898
1014
893
893
944
914
891
910
978
945
878
961
885
946
966
910
909
896
957
946
970
978
908
917
867
904
949
920
998
877
966
947
946
966
979
962
1004
1028
959
895
959
930
977
924
955
905
899
946
962
928
972
945
920
936
958
896
915
844
915
955
928
959
959
976
975
973
947
971
992
988
936
973
967
958
993
902
843
881
944
992
981
898
922
985
887
958
971
904
931
962
933
923
970
914
968
963
887
888
919
951
996
902
944
932
962
941
875
921
994
899
967
864
980
959
963
991
897
959
872
1015
946
912
931
857
918
941
877
853
897
912
862
866
900
898
926
866
848
892
877
969
908
938
862
852
850
914
950
847
801
837
884
842
830
860
917
882
834
956
875
855
1036
936
810
892
839
857
875
836
806
942
874
870
948
852
958
865
821
818
872
835
832
793
768
801
838
761
812
909
764
781
908
866
833
830
858
838
877
786
881
906
796
823
791
838
838
804
822
810
843
763
790
803
823
854
779
799
716
739
651
709
740
762
728
798
749
679
769
748
733
724
783
852
737
795
752
716
731
742
766
731
735
774
747
684
754
758
802
803
781
773
768
747
688
687
707
704
712
678
669
661
749
721
753
666
662
621
664
711
707
732
691
700
697
724
689
703
688
694
715
672
873
690
681
637
569
653
648
682
619
661
603
656
611
568
569
596
668
627
562
682
679
731
761
694
626
651
688
622
646
620
579
671
585
545
608
584
634
558
580
585
555
547
677
617
579
566
638
585
639
587
583
574
594
577
572
590
610
542
531
487
581
646
499
491
549
535
522
530
489
541
503
561
561
536
511
544
484
517
516
551
541
537
448
512
549
541
488
522
492
562
487
509
468
473
464
417
436
472
529
456
526
417
500
502
454
480
413
500
434
452
456
532
465
537
508
464
422
488
474
358
389
426
408
441
405
419
485
377
453
374
381
400
487
377
466
441
393
419
399
488
402
468
488
372
463
380
362
365
344
386
279
385
400
375
401
309
384
394
375
366
399
361
259
321
323
345
301
378
354
400
338
383
316
340
366
307
352
425
315
242
297
370
277
302
316
286
296
263
336
316
304
286
335
312
318
265
276
315
284
277
429
333
328
269
339
387
293
289
345
327
289
295
238
229
250
246
189
291
274
211
221
304
286
180
282
195
249
235
297
232
263
272
255
277
292
259
257
289
232
251
257
242
210
285
249
203
171
184
160
210
178
168
281
220
224
194
214
162
198
274
200
199
198
197
170
242
221
151
226
242
194
233
176
163
168
282
201
271
208
253
192
210
165
191
233
189
179
230
143
145
240
203
189
171
197
102
128
175
167
173
159
154
149
186
155
165
176
129
103
184
126
173
202
130
139
183
149
141
149
199
172
172
135
186
111
110
116
161
167
175
190
196
124
152
142
85
91
123
113
81
150
85
152
103
137
122
90
94
94
156
125
148
120
138
97
107
134
138
154
211
153
142
137
104
145
147
104
139
81
161
135
123
95
107
129
208
129
99
150
122
156
88
144
173
117
185
111
151
80
148
123
124
126
132
99
123
157
164
142
82
91
140
105
126
99
142
178
150
180
118
166
104
64
127
140
130
155
119
59
129
76
158
144
170
140
142
121
142
123
95
144
229
108
115
141
99
171
99
119
141
114
123
127
134
110
168
154
88
139
175
123
148
134
154
157
149
92
112
160
54
57
44
52
54
48
59
45
27
48
78
47
30
47
31
61
71
41
38
44
39
38
36
49
34
45
34
35
32
58
28
42
50
50
60
65
34
35
40
57
44
42
39
46
50
63
43
40
33
66
35
45
54
68
45
46
60
28
42
33
41
51
67
59
49
71
41
42
20
62
45
71
42
57
32
64
38
54
38
48
40
32
68
65
43
46
38
90
38
28
62
50
67
28
34
51
51
65
50
54
49
48
51
48
41
45
32
55
50
58
62
64
42
38
48
36
48
33
36
34
48
53
57
51
45
44
41
62
36
58
54
45
50
43
44
33
43
62
65
40
29
40
61
56
42
33
44
44
34
34
39
39
55
33
77
47
51
61
43
54
65
52
32
55
71
47
53
28
46
45
53
42
72
58
44
68
73
60
47
62
43
43
28
41
109
109
99
122
93
82
91
76
90
139
91
106
90
94
83
98
98
105
105
108
97
98
86
94
90
125
96
116
95
129
101
84
96
112
96
92
122
98
114
74
98
88
102
75
127
128
122
96
84
118
110
102
81
96
115
106
92
96
83
89
114
72
106
84
100
81
97
94
90
107
102
89
93
104
83
128
101
103
96
125
87
107
85
81
115
100
90
82
110
119
172
156
177
132
129
149
146
131
180
141
143
121
126
144
137
137
149
142
155
179
140
160
164
137
166
139
142
152
140
156
161
123
164
156
167
130
131
158
157
147
142
158
155
142
137
133
144
143
140
140
186
120
141
185
145
149
174
140
164
149
146
166
154
168
161
139
142
165
170
175
147
150
154
197
152
154
151
170
205
210
195
198
206
224
214
207
213
214
193
210
194
199
220
209
206
210
214
201
212
208
200
211
210
213
228
199
211
211
192
247
217
198
213
228
195
232
186
229
210
194
209
215
192
208
212
184
201
218
213
223
205
199
224
221
195
211
215
219
236
219
227
196
216
215
203
218
214
209
214
202
198
210
216
210
219
251
260
242
251
265
249
254
252
259
279
280
273
254
258
259
266
280
269
258
300
285
271
261
282
270
264
288
289
269
265
256
277
269
285
273
262
270
262
283
266
266
270
267
288
278
273
260
278
293
304
297
260
284
250
257
268
316
257
278
259
257
288
259
267
274
268
232
255
277
261
262
256
262
282
284
264
301
256
261
265
296
280
265
275
280
259
262
258
250
281
323
315
335
376
330
330
323
325
324
339
337
330
318
327
324
328
339
324
322
335
322
336
320
333
328
297
341
327
352
306
313
304
345
328
323
326
316
334
341
324
327
311
324
316
306
370
316
307
328
312
335
335
349
294
340
353
340
372
299
305
348
313
331
322
327
325
334
315
322
310
358
342
339
301
318
350
333
321
315
309
313
305
333
316
335
355
319
370
358
322
317
341
315
318
320
351
305
311
343
328
330
343
339
321
341
339
330
360
346
304
377
330
316
303
358
326
344
339
309
314
340
313
315
336
309
345
314
366
317
319
321
341
354
321
321
336
299
331
340
336
331
322
305
294
323
314
300
330
329
347
326
316
326
341
336
306
340
311
313
338
341
320
300
305
328
328
337
337
309
351
292
343
327
314
306
336
368
332
322
334
330
325
311
322
346
316
350
316
329
330
337
308
329
314
335
333
346
317
349
336
318
318
298
338
324
307
332
329
323
334
308
326
309
323
324
324
335
310
294
328
304
314
347
342
336
310
356
318
317
316
322
330
320
329
308
357
318
331
359
313
336
324
350
351
316
294
324
393
329
339
329
336
336
368
328
340
365
321
313
316
335
349
334
309
313
345
327
364
333
334
334
317
329
326
361
342
329
329
330
374
341
317
309
310
329
299
321
344
310
361
336
335
303
337
333
348
328
313
330
328
331
346
314
341
313
331
323
346
306
346
364
331
325
327
319
327
348
329
332
339
342
338
336
320
329
327
324
330
367
337
319
342
301
306
308
311
321
333
321
331
336
327
319
324
308
381
311
366
341
326
325
300
309
327
351
316
371
344
308
318
336
337
368
318
322
323
325
351
319
350
319
342
325
328
335
333
304
327
312
336
317
344
328
348
335
251
274
284
291
252
270
309
264
272
272
254
261
263
306
278
287
282
272
247
302
285
260
274
283
279
251
264
248
306
282
244
259
268
272
263
238
281
263
286
247
274
254
255
281
267
264
284
254
268
252
290
271
272
264
263
262
274
268
276
257
246
269
272
253
252
312
256
297
267
278
259
294
250
250
273
286
265
268
256
269
264
277
275
270
269
287
276
283
291
244
210
202
197
207
206
202
226
228
223
184
203
246
219
201
214
218
198
227
203
207
230
240
224
189
189
205
198
206
225
209
215
204
202
203
245
240
204
187
227
205
215
207
227
214
241
217
221
236
194
241
230
194
213
204
167
224
199
192
218
201
236
196
234
195
216
202
198
211
209
216
228
210
198
199
203
211
224
169
181
136
142
159
151
131
158
174
153
128
154
165
149
145
154
155
167
181
184
134
153
149
134
136
142
188
156
137
150
164
174
152
168
158
154
140
150
164
152
147
145
144
134
149
201
161
169
136
144
129
150
154
175
131
140
161
148
153
148
161
152
152
140
156
148
153
193
150
153
163
163
159
145
164
141
140
161
113
104
104
90
98
89
99
103
108
99
92
78
84
101
89
105
105
89
88
106
113
90
74
114
110
101
68
93
107
92
95
101
89
133
129
90
112
90
99
108
90
99
95
75
97
100
107
96
97
88
93
95
126
104
92
120
93
108
106
81
77
86
129
105
106
99
95
105
110
92
108
83
85
97
94
98
100
100
86
82
95
95
96
111
100
90
94
127
96
72
55
54
83
31
45
45
42
26
48
33
45
62
42
43
45
32
42
59
42
37
52
81
52
50
59
57
56
57
46
55
37
51
56
42
38
54
45
58
29
40
76
54
35
60
35
35
52
55
56
52
59
32
58
73
41
44
48
34
48
44
45
71
43
58
40
42
54
37
50
46
59
42
45
47
34
45
47
44
41
55
58
34
29
54
40
48
47
48
52
65
51
53
48
77
31
38
48
39
50
58
37
23
39
51
43
32
26
47
42
32
38
54
43
18
46
50
36
31
84
29
50
43
48
60
32
50
44
60
36
55
48
59
46
55
43
27
33
35
65
64
52
48
50
42
40
46
48
57
48
56
44
57
42
43
57
26
49
46
50
38
51
80
40
39
47
57
58
31
49
40
47
46
37
43
71
60
59
45
38
29
33
31
61
44
67
47
47
53
48
38
50
39
68
40
48
31
42
38
40
33
33
51
56
57
72
61
46
49
64
83
49
47
32
88
56
66
52
41
45
73
42
50
60
65
50
63
56
53
75
64
54
34
56
61
60
60
61
48
52
34
69
59
55
68
64
106
87
61
62
55
65
53
63
93
66
49
49
62
66
52
51
64
75
45
46
45
39
71
43
46
51
95
46
55
48
44
56
64
72
40
28
59
47
40
52
35
71
86
64
68
53
53
63
60
61
47
49
61
48
64
49
60
60
64
40
43
56
46
46
37
46
53
57
38
77
55
68
41
58
63
67
65
102
60
41
70
62
42
42
73
49
62
69
75
63
70
65
32
65
67
45
38
77
96
58
50
62
37
67
42
70
73
79
64
31
47
54
34
80
45
81
68
44
82
44
32
87
63
50
47
59
67
92
37
58
46
49
41
86
46
47
87
46
58
66
114
141
83
98
106
82
92
110
100
97
103
110
94
84
84
107
140
103
120
115
58
100
73
112
96
97
99
131
104
81
105
96
82
94
100
104
99
118
106
104
123
108
137
95
109
120
83
112
93
112
80
121
92
97
107
85
79
114
138
101
111
93
81
110
96
78
92
152
86
107
93
103
124
103
114
110
118
133
96
118
104
112
120
129
63
98
92
100
103
126
146
142
148
153
155
165
171
171
165
143
133
163
164
159
125
146
159
137
162
145
135
131
150
170
155
164
170
148
143
122
135
149
173
128
172
157
155
179
133
124
117
136
164
162
140
150
170
148
155
154
163
164
173
166
134
142
150
142
150
157
168
181
175
155
180
132
167
130
164
143
162
160
139
144
160
171
180
182
246
227
212
193
205
199
207
254
181
249
212
246
201
217
232
222
239
232
189
192
226
211
233
227
211
217
190
223
198
191
225
204
189
212
235
206
197
225
193
214
213
220
202
187
211
238
203
228
207
208
221
187
208
204
211
224
207
216
213
254
186
208
214
199
220
217
199
198
203
228
222
206
200
219
180
208
197
262
288
261
286
261
291
261
296
274
283
294
266
285
319
250
268
251
288
307
285
265
262
254
253
260
245
252
286
249
260
291
255
299
257
281
297
261
255
254
287
252
293
269
285
267
299
260
285
257
295
276
259
259
277
290
280
280
256
284
282
301
261
267
257
278
264
285
258
274
256
262
289
263
262
269
271
270
278
260
259
296
254
268
274
245
272
283
266
261
268
317
317
351
315
331
350
317
327
315
313
345
323
331
324
325
341
304
361
353
325
301
329
380
332
322
315
347
329
302
340
337
343
333
307
297
349
342
331
313
339
343
320
311
352
295
374
335
346
327
361
312
314
352
343
350
329
305
313
335
338
348
342
303
350
330
312
281
337
343
344
278
323
326
320
328
306
356
320
336
315
315
306
315
318
325
318
327
353
317
327
377
344
328
351
335
331
360
329
299
346
315
342
335
362
297
332
334
319
319
328
329
332
324
345
328
324
319
348
309
326
331
312
318
341
338
328
337
327
309
326
361
349
319
302
331
311
324
320
298
366
326
331
359
312
334
341
309
328
331
326
315
337
348
329
354
324
343
332
323
345
281
324
324
326
318
321
331
315
303
335
367
314
331
349
327
323
328
337
346
343
367
330
337
311
339
341
315
331
319
326
338
333
352
355
347
313
306
325
309
343
360
340
322
333
336
329
342
295
332
320
344
337
339
326
329
323
324
320
324
325
312
327
338
333
306
354
303
338
322
332
318
346
328
320
323
344
364
323
374
344
321
336
331
332
320
335
333
329
339
340
338
327
336
336
325
314
312
329
340
322
309
320
347
317
343
297
319
310
347
325
345
324
309
328
346
345
320
330
357
305
322
351
365
334
316
311
285
354
315
328
304
334
318
348
322
338
333
353
320
332
295
363
319
347
349
346
317
315
354
338
364
358
346
330
350
295
339
366
316
323
342
308
333
321
368
302
337
339
317
338
351
304
326
347
338
359
365
316
335
327
329
343
325
331
331
313
337
361
335
319
359
346
328
358
333
336
324
330
322
329
333
295
352
350
329
347
321
306
341
332
359
320
323
333
338
314
323
334
358
359
338
328
331
293
355
274
275
255
253
295
267
285
262
256
253
254
306
272
275
288
281
289
249
264
254
271
269
281
268
280
270
277
266
270
289
238
307
255
252
278
254
271
268
266
251
283
258
296
297
294
256
270
278
282
277
272
262
270
286
259
299
249
274
290
304
280
301
282
277
268
274
297
281
263
257
280
272
291
249
266
277
280
296
252
256
263
252
278
279
293
274
259
310
260
259
240
215
214
227
212
239
199
224
195
218
209
192
218
214
203
242
202
226
226
211
198
214
230
212
222
196
200
213
202
224
220
206
251
213
216
204
213
212
226
224
232
194
206
208
223
202
193
200
191
220
222
208
197
213
202
221
212
208
195
226
209
212
211
209
258
209
213
235
210
236
226
212
254
183
197
220
182
178
146
154
159
128
162
152
158
147
131
148
152
157
179
149
159
145
163
177
194
158
155
151
167
195
146
177
162
145
169
156
174
163
150
192
148
185
181
158
166
125
143
156
136
158
164
157
171
131
160
139
138
171
144
157
174
141
144
144
167
146
150
152
150
149
135
146
132
172
141
177
170
168
125
158
187
158
149
147
86
91
83
99
116
72
116
97
98
110
82
116
116
90
124
99
89
98
106
108
95
112
141
112
90
103
113
80
68
97
89
110
91
77
97
94
116
96
89
106
82
84
107
95
111
132
108
112
112
104
113
110
129
109
164
103
121
81
110
109
104
99
117
120
123
85
94
97
136
97
88
114
102
117
103
79
98
89
98
98
143
109
117
81
112
105
88
82
81
74
57
51
64
69
62
80
94
60
59
79
48
45
57
64
56
66
61
93
34
32
62
44
50
42
71
52
73
62
48
53
58
52
81
29
61
50
47
47
42
58
59
46
42
48
105
91
50
42
30
50
58
62
34
68
44
53
46
56
52
49
73
64
76
63
72
50
60
47
41
37
45
69
96
61
76
57
61
62
43
35
51
67
46
71
64
59
44
51
48
29
43
67
60
67
32
57
86
48
53
65
42
54
47
66
53
91
55
57
46
84
48
81
33
43
46
44
66
50
40
53
81
48
56
37
48
55
57
60
65
60
31
38
69
56
57
65
48
40
41
57
40
53
63
72
35
54
50
64
64
64
51
60
63
96
58
37
61
53
60
73
66
39
49
60
114
56
76
36
48
52
55
62
61
69
42
45
55
53
69
56
68
71
68
53
37
90
35
55
64
54
53
57
64
47
59
60
70
62
95
33
147
197
168
273
165
156
167
105
160
247
284
182
157
151
121
277
277
252
261
201
226
198
240
206
175
170
238
242
223
227
186
126
185
215
263
154
139
200
174
250
172
103
150
265
239
383
208
117
175
130
128
239
181
165
204
137
175
162
182
185
130
207
201
154
154
175
227
139
213
227
184
247
169
141
228
117
195
250
293
158
218
188
260
237
163
227
242
133
211
210
211
222
265
215
190
193
396
150
207
202
190
220
280
216
300
259
249
213
216
271
258
166
139
210
237
294
162
299
175
171
259
355
305
378
182
251
239
214
264
227
472
378
299
336
247
208
230
353
449
352
210
428
299
221
258
266
265
242
201
269
368
256
203
289
249
268
250
280
321
283
288
358
294
316
320
266
369
345
314
311
308
295
272
423
238
280
427
292
230
342
230
265
269
238
349
278
370
391
345
387
353
315
380
441
329
355
551
314
295
317
327
327
234
332
324
393
322
322
347
364
405
395
414
390
375
476
584
447
515
349
406
403
456
332
475
447
298
349
314
277
355
477
440
468
497
318
469
454
486
516
529
463
425
494
494
458
425
524
380
346
459
391
423
561
494
656
471
461
439
517
445
473
515
545
406
530
400
574
582
470
610
598
532
725
620
486
490
593
566
542
506
543
548
548
491
617
532
619
485
500
568
598
643
606
535
744
687
600
586
568
600
689
569
587
552
554
681
605
594
642
575
532
577
584
725
700
699
592
701
780
574
583
719
692
611
787
677
837
789
635
749
582
686
752
711
745
722
776
844
762
800
660
906
767
942
839
761
712
643
688
865
640
716
757
791
795
869
641
859
798
774
795
796
870
794
753
662
760
769
764
829
806
794
866
805
926
843
844
738
733
905
835
903
845
797
871
900
763
935
802
803
816
880
978
859
824
851
821
784
871
912
1002
921
903
990
826
917
915
1033
852
827
945
979
965
852
922
903
1035
951
943
976
972
1017
957
894
1037
924
1070
883
1028
933
999
1054
985
1063
982
1002
1029
1028
1040
1075
1087
964
997
1069
904
971
1006
1022
1054
1031
966
1178
1102
1101
1177
980
972
935
1121
1108
1104
1048
1188
1076
1018
1030
1048
1115
1070
1111
1234
1117
1058
1089
1206
1167
1155
1094
1186
1209
1042
1136
1185
1212
1112
1242
1065
1012
1112
1298
1198
1138
1168
1096
1238
1105
1210
1223
1233
1103
1244
1213
1189
1091
1144
1162
1022
1249
1192
1335
1200
1341
1147
1291
1249
1345
1145
1215
1363
1236
1282
1288
1324
1155
1275
1263
1293
1340
1109
1337
1203
1329
1219
1309
1241
1180
1309
1283
1373
1376
1361
1224
1301
1204
1155
1221
1326
1226
1383
1300
1303
1251
1341
1280
1331
1370
1255
1377
1279
1397
1282
1336
1259
1295
1379
1193
1312
1271
1361
1296
1280
1372
1324
1381
1247
1260
1288
1363
1304
1374
1331
1332
1389
1450
1351
1361
1284
1332
1336
1383
1333
1339
1363
1470
1427
1352
1317
1336
1425
1464
1416
1396
1303
1332
1359
1372
1464
1259
1396
1432
1466
1306
1480
1388
1480
1331
1365
1422
1461
1468
1521
1413
1447
1446
1425
1334
1390
1478
1381
1497
1409
1432
1468
1319
1353
1496
1486
1398
1569
1413
1375
1443
1396
1393
1338
1427
1412
1625
1412
1381
1525
1494
1402
1417
1432
1459
1474
1436
1441
1589
1326
1550
1342
1494
1451
1323
1413
1596
1484
1427
1410
1552
1515
1348
1409
1354
1359
1564
1445
1426
1386
1496
1575
1373
1339
1423
1460
1466
1454
1312
1536
1312
1397
1407
1410
1420
1428
1421
1596
1491
1545
1494
1482
1419
1484
1497
1326
1454
1498
1385
1511
1376
1256
1409
1281
1356
1373
1509
1487
1492
1442
1376
1508
1366
1456
1469
1373
1425
1458
1397
1440
1512
1526
1470
1474
1355
1424
1602
1416
1362
1464
1444
1403
1515
1356
1570
1387
1503
1450
1436
1347
1535
1415
1384
1396
1514
1379
1532
1527
1333
1440
1421
1403
1490
1499
1392
1440
1397
1451
1497
1419
1398
1513
1439
1587
1435
1302
1351
1408
1393
1392
1514
1346
1458
1536
1432
1404
1604
1658
1419
1338
1457
1455
1588
1404
1323
1413
1512
1288
1319
1415
1474
1289
1361
1374
1310
1456
1361
1377
1287
1328
1385
1370
1406
1283
1274
1320
1396
1391
1347
1295
1261
1361
1395
1470
1373
1276
1369
1407
1213
1281
1338
1413
1559
1390
1478
1253
1354
1460
1377
1315
1312
1411
1282
1392
1332
1233
1157
1173
1257
1272
1224
1376
1290
1262
1165
1299
1247
1350
1358
1385
1238
1308
1294
1291
1263
1295
1275
1278
1324
1162
1323
1163
1369
1453
1235
1123
1111
1252
1208
1213
1193
1161
1292
1262
1292
1279
1212
1306
1147
1374
1153
1214
1322
1223
1282
1236
1276
1133
1215
1232
1316
1143
1184
1154
1147
1235
1216
1162
1054
1231
1275
1103
1150
1195
1265
1162
1040
1122
1103
1309
1057
1207
1208
1182
1263
1234
1122
1143
1158
1132
1027
1099
1062
1166
1194
1280
1121
1074
1198
1146
1120
1173
1092
1106
1121
1102
1170
1115
1098
1200
1114
1027
1040
1131
1076
1128
1185
1122
1035
1099
1209
1070
1139
1074
1269
1030
1149
1024
1115
1101
1182
1033
1021
1143
1005
1099
1045
1096
1018
1045
1014
1049
1080
1034
1023
1057
1051
1041
1025
1062
964
993
958
905
988
932
975
909
941
916
1044
967
907
969
1044
793
961
929
954
820
1005
955
830
950
1013
869
905
950
941
901
878
934
1049
824
930
877
823
786
838
917
1102
927
747
801
872
824
826
817
881
962
855
795
864
766
937
873
815
801
783
818
835
746
872
876
801
733
826
816
860
709
704
775
706
766
820
821
745
837
779
746
666
693
816
688
818
626
690
760
653
760
823
634
729
782
716
724
746
600
664
738
654
631
692
649
650
663
619
735
709
647
763
571
666
728
614
669
870
512
528
598
564
737
681
623
551
636
594
575
545
548
480
558
556
607
580
626
577
662
605
619
517
488
506
582
487
440
651
578
576
555
609
556
603
554
483
504
539
455
459
469
576
515
446
456
594
492
468
464
667
408
575
612
666
477
511
480
496
433
629
483
308
491
440
480
450
381
482
445
521
389
530
380
494
521
457
522
456
508
319
359
453
425
377
447
331
369
384
325
488
429
446
392
349
369
465
415
408
363
324
474
528
459
339
316
403
468
407
402
365
387
386
311
332
419
328
337
340
400
397
375
386
313
359
431
436
366
273
310
348
336
327
195
268
284
432
295
297
316
377
398
400
276
326
278
216
291
276
288
287
307
271
266
288
239
182
235
199
344
224
278
203
196
285
293
234
199
259
292
198
281
272
269
217
366
282
248
335
216
285
197
289
222
154
284
214
187
242
226
390
201
180
260
194
166
271
224
228
281
187
376
170
219
188
213
323
215
212
231
263
197
182
344
242
254
242
223
197
374
252
194
312
156
196
251
236
243
173
153
191
167
172
189
318
167
169
257
225
211
220
169
110
160
154
211
252
130
130
179
181
207
162
353
231
202
195
200
126
238
262
306
183
242
215
208
152
202
189
215
181
169
235
143
201
112
152
256
202
240
240
203
171
174
205
218
225
202
120
128
170
122
204
139
253
206
209
158
202
203
381
133
145
307
157
95
144
225
190
243
224
174
179
276
104
216
156
247
150
233
290
330
176
255
295
202
203
207
198
180
131
188
152
90
151
148
101
131
125
150
143
173
98
205
168
144
163
212
137
111
155
129
127
137
219
105
172
204
131
159
158
167
130
105
112
145
126
152
139
114
156
139
139
97
173
235
178
204
161
185
209
184
116
159
174
187
186
148
210
158
193
109
149
201
140
179
155
154
97
105
199
138
143
226
165
121
105
168
168
107
92
113
172
183
171
130
161
172
123
117
111
91
135
171
214
112
222
183
149
142
157
284
189
249
175
132
152
150
234
135
219
177
149
181
194
190
143
213
150
228
119
248
219
195
231
204
185
128
189
135
157
203
186
232
232
143
215
183
192
187
132
214
276
218
194
180
190
336
168
204
233
295
289
201
218
295
157
141
171
168
192
297
193
273
241
151
182
293
207
227
186
233
242
152
254
188
184
160
203
199
243
262
196
248
402
331
212
325
346
243
256
206
289
243
242
242
320
219
333
293
291
289
226
251
254
233
248
267
155
243
277
275
374
241
278
207
278
256
262
260
291
330
278
299
265
244
288
315
323
251
308
242
320
358
293
295
265
253
333
285
431
320
367
384
327
395
372
305
402
301
362
397
436
288
393
408
320
327
381
395
381
371
370
368
336
345
385
374
390
314
399
314
335
433
352
410
434
439
416
361
342
332
499
439
423
384
395
400
409
459
429
412
349
332
442
449
341
519
455
359
415
476
437
528
479
436
528
544
516
507
539
462
432
393
466
447
451
477
453
456
436
488
443
428
469
453
532
557
541
536
506
500
653
522
584
557
516
572
504
508
437
589
579
518
520
583
550
583
592
557
457
538
593
660
579
571
590
490
580
509
556
570
559
585
645
608
640
566
541
558
575
602
604
511
493
553
576
618
628
670
673
645
718
585
664
670
557
593
645
708
668
650
714
665
694
562
644
789
600
641
635
640
631
722
734
679
668
690
662
704
564
762
705
743
727
643
755
662
645
718
716
824
623
722
660
659
725
702
695
753
755
734
803
826
728
726
788
737
808
785
708
792
757
691
712
675
808
728
870
793
863
751
816
750
754
806
786
874
852
802
870
802
834
781
750
806
827
802
953
766
820
793
807
802
836
817
842
791
750
808
879
790
910
790
762
827
871
765
879
879
837
959
860
896
877
832
943
877
947
888
803
909
904
845
955
950
910
880
989
899
914
819
878
848
887
807
869
834
922
899
929
1055
970
929
1025
965
905
1006
890
915
1062
844
888
941
941
912
947
1082
993
956
872
965
957
872
972
884
852
905
854
907
944
986
882
885
939
948
1107
993
1061
985
1091
993
968
1109
1063
989
1013
1055
1055
1041
982
1042
924
966
984
979
970
983
984
932
1023
1008
942
965
1078
983
1028
1009
1017
876
935
1020
1026
946
1041
1022
979
968
950
1014
1082
998
1000
1068
1051
1064
1046
1054
1026
1111
1022
1007
1050
1136
1007
1132
1095
1015
1048
1163
1016
1149
1056
1079
1082
1106
1061
1024
1063
1019
1078
1055
1121
1012
1167
1062
1045
1043
1041
1021
1070
1053
1064
1114
1091
968
1096
1045
1024
1136
1094
1042
980
1036
1148
1035
1034
1115
1071
1032
1113
1069
1065
1044
1130
1052
1143
1013
1020
1103
1091
1060
1054
1021
980
1134
1055
1085
1074
1006
1143
947
1054
1097
1107
986
1134
1070
1096
1033
1093
1008
1138
1031
1010
1120
1044
1120
1039
964
1135
1041
1138
1090
1069
1036
1157
1102
1096
1057
1091
1078
1019
1077
1095
1078
969
1076
1049
1190
1059
1038
1006
1053
1141
1094
956
1062
1103
1109
1065
1017
1003
1039
1042
1046
1065
1062
1044
1122
1113
1024
1058
1053
1104
1043
1083
1087
1096
1098
1110
1026
1080
1062
986
1096
1025
1056
1060
1005
1123
1036
1039
1096
1034
1083
1021
1087
1109
1050
1100
1015
960
1080
1092
1062
1072
1109
1067
1019
1075
1078
1097
1056
1051
1114
991
1008
1125
1082
1046
977
1008
1139
1089
1180
1094
1086
1052
969
968
1057
1053
1002
1065
1072
1071
1074
1081
1103
1122
966
974
1063
974
978
973
1043
1103
1063
993
990
955
986
1026
993
1007
984
912
1056
1016
1022
983
977
1013
1055
984
957
1007
988
941
976
1000
1071
1003
1012
971
962
1006
992
933
1046
862
1033
1016
1064
974
965
999
1014
934
1068
995
1009
999
1046
951
976
887
934
948
884
969
968
922
935
994
922
999
939
943
910
1077
943
929
980
1025
907
1060
901
940
1004
981
963
933
912
942
977
987
891
923
904
865
987
942
942
885
785
868
956
837
825
790
905
862
929
951
952
872
943
854
844
893
821
900
890
883
909
902
917
842
892
904
862
944
918
860
762
777
799
831
800
809
958
831
766
963
744
877
907
827
867
799
935
772
823
801
737
848
887
850
779
840
831
932
739
780
768
781
730
818
772
778
846
801
874
752
888
752
766
809
792
745
794
725
752
804
717
772
742
767
687
763
770
711
678
734
672
654
702
616
707
755
694
779
863
658
669
743
757
671
756
751
772
793
745
768
645
689
726
580
655
717
688
676
653
670
676
666
539
621
670
638
689
631
546
545
641
671
684
665
622
650
634
613
606
588
625
610
537
615
632
542
602
529
577
545
687
613
658
681
580
549
595
623
574
607
566
566
712
620
529
564
505
539
549
515
628
517
425
547
532
554
594
645
562
517
538
509
467
545
596
515
437
560
528
469
433
526
461
568
498
474
502
445
477
492
507
489
426
505
542
452
503
468
442
433
524
531
497
383
530
458
406
458
453
420
497
375
370
431
395
395
372
378
441
372
362
389
382
545
463
396
365
403
442
338
472
417
412
295
335
339
356
379
313
308
332
352
420
303
299
440
355
308
327
339
300
410
402
282
420
346
348
316
354
292
213
342
306
242
273
258
307
289
250
319
372
331
343
336
325
273
334
358
307
299
270
358
297
334
293
333
371
335
250
309
221
314
317
229
258
383
251
175
230
232
284
254
297
236
314
296
286
240
228
343
278
207
217
239
225
266
299
285
299
243
272
246
230
263
161
180
204
197
206
283
159
223
200
209
217
257
191
236
242
257
274
235
178
187
207
214
256
244
197
203
224
251
230
226
157
254
201
233
193
215
185
193
211
151
167
238
171
209
116
207
206
186
252
149
172
173
167
149
168
214
156
234
184
177
156
171
210
113
180
185
131
212
161
209
161
143
153
224
155
177
128
142
260
179
241
126
149
118
97
124
190
170
139
90
163
138
102
140
159
210
170
170
97
121
157
138
165
120
130
139
96
112
142
209
108
111
125
121
211
106
225
202
149
141
76
180
137
192
148
168
141
105
137
109
158
179
129
136
99
181
193
140
172
152
185
99
93
102
119
184
231
136
184
165
154
140
128
169
186
140
149
158
112
144
56
162
150
154
243
173
129
144
141
116
138
79
142
176
157
146
102
172
144
196
93
134
134
97
159
143
118
227
99
157
180
111
172
188
135
139
171
124
101
179
165
232
166
155
241
132
208
227
182
184
238
113
274
183
161
261
153
183
148
160
389
162
195
245
203
176
286
103
164
145
157
185
234
186
300
151
174
166
217
214
132
212
167
165
133
287
181
250
110
196
213
222
271
284
185
155
204
157
154
219
291
174
250
209
144
271
186
173
194
184
262
193
151
136
178
215
148
142
243
225
266
191
221
197
237
231
288
182
226
174
298
155
179
169
154
196
327
285
194
289
244
207
208
190
255
318
207
162
222
208
184
289
277
212
199
203
238
257
163
253
310
205
180
182
252
285
300
243
265
277
236
322
205
243
279
256
171
412
250
267
311
221
328
229
176
203
254
234
306
278
252
239
234
309
297
217
312
239
356
278
254
315
343
235
333
371
222
285
396
292
294
315
245
273
323
326
335
279
557
284
336
421
202
372
385
406
401
385
519
396
338
392
335
355
244
385
330
289
412
398
446
335
414
329
374
347
262
381
415
362
301
519
360
484
398
426
422
366
456
477
482
499
377
388
435
423
376
429
386
406
477
503
456
455
437
496
359
415
418
468
542
514
409
485
466
419
559
380
369
453
544
374
499
450
557
606
503
470
532
484
494
434
501
492
486
468
476
650
443
450
566
537
419
756
453
491
505
529
576
579
555
570
532
721
627
650
479
631
549
594
586
517
632
503
620
580
625
738
657
674
567
566
602
619
611
587
610
631
564
548
771
578
757
693
723
658
699
668
690
681
823
654
604
685
664
666
726
659
531
677
729
744
825
672
685
736
696
724
709
717
661
726
635
803
670
751
637
847
673
680
866
778
901
803
908
718
875
747
751
712
745
912
867
785
694
768
861
900
828
883
850
797
868
737
804
827
784
867
803
834
732
846
766
850
880
868
828
822
806
827
801
1020
880
943
839
985
915
872
841
915
859
924
881
936
893
957
873
993
968
987
885
893
1125
971
990
1028
967
1055
952
939
1133
942
911
894
845
871
1145
1195
906
942
1068
965
1102
973
989
994
1064
1008
1062
1077
1040
1090
1092
1060
942
1048
1041
1073
1117
1064
934
928
1010
1085
1073
1117
1151
1039
967
1195
1165
1303
1124
1092
1034
1082
1084
1114
1056
877
957
1178
1151
1188
1108
1079
1078
1154
1076
1117
1216
1131
1193
1019
1015
1232
1056
1134
1155
1158
1054
1233
1211
1126
1193
1274
1058
1167
1266
1175
1273
1134
1130
1243
1103
1131
1287
1186
974
1221
1157
1334
1212
1121
1190
1248
1271
1233
1268
1266
1321
1319
1228
1202
1129
1187
1182
1226
1244
1360
1206
1276
1361
1195
1238
1154
1184
1139
1345
1200
1195
1204
1294
1182
1272
1235
1322
1218
1251
1313
1268
1239
1322
1264
1301
1386
1340
1205
1336
1259
1268
1272
1360
1382
1367
1303
1299
1276
1319
1167
1236
1231
1367
1340
1349
1340
1285
1407
1385
1296
1313
1222
1379
1379
1430
1281
1271
1333
1337
1447
1444
1520
1404
1327
1303
1344
1266
1322
1459
1409
1292
1258
1549
1385
1300
1199
1295
1314
1394
1210
1299
1337
1332
1326
1250
1290
1488
1434
1417
1380
1454
1389
1353
1421
1340
1432
1397
1637
1450
1379
1507
1423
1469
1487
1397
1302
1425
1443
1476
1428
1560
1537
1384
1351
1523
1530
1364
1447
1532
1471
1386
1488
1504
1495
1393
1553
1292
1353
1418
1370
1503
1468
1358
1406
1532
1387
1449
1402
1528
1417
1431
1379
1482
1310
1562
1475
1378
1542
1393
1422
1460
1480
1468
1414
1408
1501
1388
1388
1498
1370
1297
1510
1403
1557
1422
1527
1311
1510
1526
1396
1320
1473
1528
1402
1429
1432
1500
1390
1423
1504
1545
1434
1360
1556
1374
1417
1303
1415
1360
1480
1368
1398
1416
1362
1445
1410
1415
1306
1454
1530
1499
1506
1422
1368
1425
1326
1418
1695
1451
1456
1484
1556
1407
1353
1464
1420
1268
1505
1344
1474
1495
1437
1431
1448
1389
1353
1407
1504
1452
1497
1578
1558
1445
1421
1436
1320
1426
1371
1517
1417
1503
1305
1382
1396
1402
1393
1496
1407
1405
1428
1562
1392
1333
1437
1465
1424
1320
1429
1469
1510
1446
1400
1319
1520
1508
1378
1428
1434
1371
1487
1459
1505
1422
1333
1501
1365
1331
1343
1349
1378
1436
1386
1414
1439
1388
1346
1462
1294
1397
1321
1302
1219
1295
1414
1435
1393
1346
1404
1297
1408
1390
1421
1501
1344
1254
1258
1333
1305
1322
1321
1408
1292
1344
1386
1266
1330
1356
1290
1235
1255
1429
1309
1279
1365
1256
1199
1322
1298
1153
1318
1531
1272
1338
1407
1338
1407
1255
1262
1330
1341
1259
1478
1380
1373
1418
1249
1128
1292
1283
1306
1338
1320
1247
1299
1240
1241
1334
1243
1239
1131
1147
1271
1263
1150
1269
1149
1260
1368
1191
1325
1219
1184
1258
1119
1203
1185
1115
1181
1272
1162
1164
1105
1140
1083
1135
1072
1199
1229
1114
1208
1215
1118
1204
1141
1109
1220
1187
1137
1126
1108
1214
1039
1097
1187
1096
1153
1213
1135
1049
1126
1155
1096
1137
1030
1221
1172
1194
1092
1054
1165
1143
965
1049
999
1055
1108
997
1072
1059
1085
1039
1052
1035
1129
1054
1117
1039
1082
1197
1140
1020
1027
1060
1009
990
1100
1132
1064
1034
1010
1022
1026
1048
1064
1090
1038
951
957
1059
1085
1045
887
917
1033
1047
963
912
954
1105
1037
994
956
877
924
995
946
1054
984
1018
891
1000
971
907
949
815
872
1007
889
865
853
944
949
844
779
1015
843
870
842
883
889
971
840
871
866
864
808
916
729
830
928
877
995
797
928
898
785
799
940
692
876
734
910
751
806
716
733
819
738
875
807
785
813
829
709
737
830
724
914
817
780
792
818
766
632
658
673
722
669
707
689
677
785
775
657
639
750
644
782
718
663
592
600
758
580
563
679
619
666
656
644
705
686
770
720
671
583
586
668
712
616
527
585
586
632
646
675
543
624
540
545
606
593
587
697
671
639
551
559
531
554
633
631
512
617
590
654
402
583
560
550
536
536
657
648
607
573
506
575
432
495
426
551
407
565
596
446
519
525
548
552
502
520
506
561
496
469
485
522
520
408
381
428
459
489
396
358
398
439
581
457
441
401
485
542
454
398
514
418
468
374
409
271
246
470
429
618
324
391
341
473
349
467
398
424
325
435
406
390
472
495
431
328
546
395
325
342
429
433
462
409
298
347
345
459
404
375
479
337
370
377
431
328
321
301
420
332
349
395
245
287
325
302
233
311
337
339
348
285
336
360
245
299
333
284
334
363
330
314
345
356
212
264
254
288
203
317
261
292
237
175
281
194
270
247
242
218
262
274
220
412
333
268
250
259
371
215
385
328
171
225
154
279
287
274
254
261
207
246
175
180
305
167
172
132
245
167
299
355
300
429
231
237
287
222
156
199
302
245
339
189
258
200
251
290
240
273
137
182
131
267
254
188
299
328
185
122
271
122
178
170
128
136
197
149
260
238
300
289
183
184
222
195
112
311
153
246
241
219
134
172
205
191
243
177
161
240
242
196
242
287
113
216
195
141
305
287
89
275
178
264
155
171
222
249
152
229
226
207
186
176
149
271
289
192
183
118
128
179
183
165
225
121
152
199
181
212
269
132
165
168
146
228
262
176
224
186
191
160
115
209
327
148
259
206
203
195
138
220
208
259
193
173
153
214
222
205
260
145
147
129
114
167
118
120
171
115
118
104
176
99
141
102
123
85
109
87
109
147
143
124
168
144
89
114
98
207
109
148
132
148
97
148
171
179
132
176
127
93
123
143
133
144
104
84
139
178
149
110
145
105
179
109
96
82
127
134
104
106
147
127
67
148
91
120
122
104
154
112
144
117
119
104
106
103
159
135
174
131
104
106
79
124
143
196
108
152
180
124
105
168
104
71
113
115
76
93
100
110
112
65
76
112
176
93
152
191
159
149
140
202
189
140
124
158
179
131
178
115
137
198
107
201
105
224
223
138
139
154
178
260
160
140
166
191
145
160
201
181
180
156
195
284
183
141
205
155
128
111
170
277
162
146
164
161
246
115
184
189
223
257
242
159
184
208
221
278
236
219
178
231
172
202
185
292
155
174
201
262
216
216
203
206
186
171
210
218
206
156
191
201
256
162
200
236
137
267
302
304
287
222
248
328
279
196
244
258
190
210
223
259
284
182
317
255
218
238
266
286
229
281
243
214
234
311
303
288
334
328
277
235
254
275
257
295
349
326
356
297
318
274
335
268
273
350
232
360
317
280
324
276
299
290
315
341
300
275
261
264
299
277
318
365
326
450
375
414
311
326
327
348
379
379
368
363
353
329
365
372
366
345
318
353
314
340
332
278
341
325
331
362
338
356
363
400
388
378
372
464
349
432
414
511
411
423
419
365
376
477
466
473
431
437
373
439
426
388
372
392
358
431
405
414
519
444
426
457
437
402
585
459
492
435
516
427
389
515
487
472
537
481
451
508
576
417
419
456
479
532
463
419
518
508
523
510
573
538
553
481
429
503
531
500
562
520
550
589
602
640
515
509
552
567
536
513
536
533
490
553
519
595
570
573
615
604
585
547
617
602
566
566
531
553
582
513
576
609
563
560
621
526
539
589
565
561
523
599
633
620
623
619
598
608
664
595
661
626
621
666
703
648
660
666
687
612
676
673
624
636
643
680
634
591
693
694
694
714
601
689
673
722
674
777
694
738
726
699
720
692
655
725
712
742
695
681
766
752
729
649
670
736
695
679
716
603
641
718
692
692
640
683
739
798
696
755
782
708
747
779
753
774
796
758
833
810
809
754
769
729
813
773
762
799
722
694
751
682
770
759
808
752
804
765
827
845
764
873
831
848
767
837
811
810
806
859
779
814
769
869
809
829
836
809
809
829
868
838
787
787
847
887
841
867
852
835
821
906
796
754
844
801
793
805
781
842
861
863
854
858
903
899
883
820
915
877
844
839
876
910
897
876
931
976
921
873
885
804
928
870
944
901
952
946
865
958
948
840
800
888
914
871
829
900
879
907
828
885
906
1005
884
807
851
900
917
842
900
963
982
947
883
888
1052
1028
920
938
974
947
889
914
920
997
947
956
991
1000
960
940
941
980
933
934
951
946
899
910
878
1006
904
998
947
1012
990
979
953
960
968
902
959
929
919
891
942
872
909
874
866
1001
884
892
1012
914
1005
920
891
960
894
925
963
953
920
855
950
982
887
1023
1055
921
908
978
848
950
969
951
894
923
895
925
975
893
954
909
972
851
997
985
882
913
991
989
875
911
961
934
900
904
987
926
909
960
848
935
968
903
917
951
885
920
954
908
969
918
963
905
921
955
876
932
956
913
954
919
989
908
920
950
908
1009
892
883
955
951
944
971
975
944
1030
924
923
948
963
959
890
926
1052
1003
931
836
1031
929
921
927
977
984
911
1063
900
885
925
956
1019
962
902
964
970
877
924
980
887
886
977
923
927
951
926
906
971
986
906
976
874
901
923
883
914
855
886
966
896
992
972
963
946
999
898
875
972
1021
880
1001
875
944
911
943
978
911
922
962
924
864
1016
876
939
877
988
950
932
921
980
984
945
983
943
938
909
908
960
893
894
904
915
869
849
980
883
870
858
820
868
876
842
915
897
847
902
834
902
869
862
940
960
945
868
871
874
927
895
844
932
872
790
938
838
833
892
878
816
884
942
898
872
905
844
860
898
904
871
867
859
849
760
774
812
891
795
817
803
781
837
827
896
804
825
794
757
818
930
831
817
866
813
816
895
845
829
801
823
789
850
762
811
795
883
792
832
904
787
777
758
727
767
759
817
725
796
824
786
779
837
722
751
808
726
776
878
716
768
738
768
770
775
769
717
802
750
770
715
849
706
753
733
728
803
722
726
682
668
717
667
769
703
681
706
705
699
684
671
703
612
684
675
795
692
679
686
808
698
705
738
743
795
746
656
664
663
694
671
559
650
625
637
639
631
720
645
756
542
644
645
685
714
646
706
658
649
674
628
655
658
636
671
606
692
547
621
501
568
601
566
569
611
653
607
668
605
596
533
567
642
545
612
590
544
556
654
557
582
619
516
668
671
584
574
556
497
493
498
476
503
455
498
564
547
554
510
483
567
577
539
599
563
484
554
470
549
509
523
490
486
534
510
546
528
536
452
471
541
527
561
389
434
480
450
506
521
391
410
425
515
368
469
533
493
483
447
416
380
536
506
502
506
398
387
578
465
412
477
351
357
392
411
437
397
404
434
423
455
404
430
453
432
431
406
333
466
493
495
465
467
401
366
360
420
383
383
338
415
373
359
324
372
348
368
324
326
374
386
323
405
387
327
340
309
378
363
403
352
308
375
372
311
353
295
262
246
295
304
390
257
458
274
325
316
316
354
314
305
376
329
302
293
335
284
334
249
392
355
304
282
251
306
303
289
250
240
256
240
254
284
260
200
244
217
217
285
216
261
244
239
295
273
230
251
266
235
232
252
281
278
346
313
275
205
213
360
219
259
235
186
261
190
259
200
171
257
185
180
180
225
243
221
176
212
238
198
203
238
230
223
203
172
289
290
201
177
155
188
170
175
240
210
184
243
162
183
231
171
199
131
181
229
218
158
154
152
200
133
227
143
176
164
171
163
234
189
167
170
129
161
126
154
175
208
144
189
177
183
154
167
224
146
184
167
145
152
202
144
191
227
121
122
175
131
179
201
176
92
115
138
115
142
99
91
94
151
99
185
136
151
136
161
135
168
177
152
149
122
149
123
126
120
118
98
183
105
118
101
122
171
112
96
123
129
163
90
124
179
127
115
150
83
114
149
137
92
83
200
112
128
127
188
108
131
87
156
131
83
172
134
126
94
105
126
121
155
119
213
146
137
202
83
101
95
133
113
187
135
196
101
72
148
110
106
152
126
168
107
70
85
112
157
127
123
97
110
189
117
139
148
138
77
136
128
97
86
147
110
149
139
136
147
178
167
183
138
155
112
148
157
134
132
139
122
82
108
92
181
95
133
163
196
183
118
170
122
107
127
100
148
96
137
88
162
130
99
96
181
161
114
110
88
96
73
152
115
121
105
122
161
95
96
105
118
96
180
138
119
103
129
151
105
74
119
142
90
154
97
147
108
171
112
140
89
90
127
153
221
97
155
136
200
111
145
91
81
108
81
153
119
190
137
127
97
133
126
96
116
143
78
146
120
144
100
144
87
136
150
127
190
151
162
119
111
89
97
160
163
107
198
92
124
212
188
235
128
207
212
114
195
143
168
227
149
139
195
252
166
200
159
207
190
141
178
163
207
134
228
160
158
144
213
249
144
180
212
160
149
190
155
159
130
190
148
139
179
176
178
164
147
148
217
351
167
177
157
184
140
279
274
162
161
145
176
233
195
184
199
219
191
269
195
162
248
169
213
175
172
276
201
159
135
178
289
198
219
224
156
182
242
253
230
221
291
243
326
241
277
272
267
287
259
274
260
271
337
285
181
305
256
223
298
243
246
325
230
296
260
328
201
288
267
286
233
263
322
261
274
402
375
312
314
266
331
324
318
329
303
330
250
389
289
300
301
364
325
326
359
311
282
245
295
333
233
320
347
359
299
328
324
352
304
300
398
304
375
379
342
396
347
296
391
393
387
350
368
368
407
351
257
298
397
381
397
358
380
415
419
390
412
406
430
429
390
478
399
451
404
397
473
447
357
413
452
351
436
445
439
408
373
473
410
415
377
390
505
413
448
477
428
421
484
467
453
495
446
473
449
487
395
510
441
434
443
440
474
464
457
487
449
475
449
512
490
550
584
546
529
530
460
522
480
638
613
551
543
473
486
470
564
557
549
494
481
534
515
567
507
579
482
580
536
584
579
593
621
572
594
678
579
533
584
607
524
620
596
675
613
527
594
591
547
532
575
545
553
559
629
633
576
572
612
706
599
648
564
670
743
605
734
605
631
726
657
615
647
655
661
703
566
784
604
709
629
639
737
592
668
626
635
568
661
624
675
736
719
727
726
710
698
698
681
629
692
682
658
669
665
726
715
664
733
747
676
691
608
703
707
682
705
705
691
661
750
752
793
743
791
772
737
757
775
722
766
736
773
841
722
670
706
728
824
763
782
818
780
809
715
768
784
778
822
778
768
721
748
743
833
783
878
807
766
835
918
814
888
821
746
768
864
862
767
811
780
782
803
815
903
850
839
848
788
761
911
820
938
809
778
842
840
888
796
876
783
819
796
806
776
934
978
915
899
855
808
910
874
795
882
932
866
863
900
870
954
841
860
842
822
886
768
926
903
903
938
856
870
917
829
946
812
839
913
848
878
912
886
964
902
954
907
816
816
878
925
863
871
857
940
1016
965
980
904
934
870
937
901
1015
873
980
849
977
916
883
921
943
868
911
1034
947
869
1058
901
878
1052
859
919
956
960
926
884
970
947
1027
985
1037
893
891
911
954
955
964
927
923
973
878
1007
894
978
962
927
889
946
861
991
924
877
934
987
937
1015
980
911
946
861
897
913
885
966
901
1011
880
973
946
1008
986
927
933
941
935
904
1028
906
922
932
958
964
1036
896
939
945
976
913
946
913
906
894
908
829
927
859
827
926
877
871
941
914
942
948
952
962
929
963
913
863
936
964
932
1060
944
871
893
889
942
924
969
960
1018
914
905
957
946
969
950
987
874
927
872
900
1005
912
939
966
927
900
934
971
970
935
882
932
838
953
990
953
891
959
882
938
989
887
986
950
900
897
928
931
951
867
939
890
963
1048
948
928
917
910
913
934
966
813
1000
891
963
910
919
932
985
1039
988
972
961
908
928
957
953
1000
887
938
910
889
878
953
1051
968
905
906
977
956
944
1024
956
912
925
931
910
947
942
1042
941
954
955
855
961
936
870
1007
929
1001
