Insert ARRIVAL event in providerSet 0 at ts 0
440
482
648
834
603
423
730
801
672
605
378
585
776
844
1070
764
481
636
560
321
810
424
394
505
530
935
670
830
804
471
823
661
488
446
759
586
604
721
408
946
623
737
617
713
619
927
568
500
671
617
537
641
487
696
864
420
788
393
685
472
829
612
759
401
623
585
452
731
666
693
628
995
528
571
536
680
719
618
599
642
707
707
776
871
751
763
498
575
801
634
804
768
1056
659
643
595
1022
1332
913
659
908
499
1012
631
668
674
619
688
704
775
1106
915
540
779
931
558
978
705
761
789
732
776
677
1204
690
1089
792
894
722
562
810
657
1026
801
715
862
1048
823
1040
735
858
681
1101
560
978
761
949
789
1149
663
1181
775
804
624
954
990
823
864
569
770
820
613
736
934
864
894
1024
732
1277
1184
760
1319
946
1027
1530
758
889
1079
1046
853
793
1208
1140
1091
1145
1224
980
1242
1209
938
1041
907
1049
992
1457
1430
1350
1222
985
1284
1539
953
1104
1048
1190
1655
1267
913
860
911
1177
1235
1416
1118
1511
1349
1103
1067
1169
1135
1087
1433
1609
1386
1542
1338
1496
1308
1331
1425
1394
1127
1538
1618
1487
1391
1372
1491
1386
1296
1215
1362
1601
1758
1291
1405
1546
1704
1590
1643
1230
1305
1690
1479
1450
1882
1598
1080
1551
1766
1525
1868
1468
1606
1715
1960
2037
1511
1528
1799
1707
1590
1679
1703
1587
1774
1472
1813
2008
1799
1457
1852
1929
1661
1740
1641
1756
1945
1761
1943
1965
1819
1641
1911
1882
2029
2470
2078
1820
1605
2275
1627
1986
1909
2037
1841
1842
2148
2150
2424
2105
1981
1829
2037
2348
2096
1937
2392
2137
2009
2045
2179
2048
2384
2035
2242
2260
2275
2515
2239
2072
2393
2199
2289
2166
2354
2168
2473
2071
2093
2062
1930
2259
2018
2059
2208
2322
2252
2460
2296
2509
2747
2408
2326
2426
2233
2386
2405
2597
2666
2373
2287
2709
2305
2198
3063
2462
2406
2709
2627
2584
2412
2534
2744
2437
2372
2427
3229
2395
2705
2651
2424
2740
2397
2925
2964
2945
2923
2901
2596
2807
2371
2623
3062
2583
3161
2682
2609
3117
2783
3041
2428
3244
2944
3432
2742
2760
3406
2715
2952
2863
2973
3116
3209
2989
3242
3030
2826
3223
2713
3045
3281
3136
3042
3451
2988
2841
3158
2958
3105
3226
3541
3043
3148
3337
3153
3106
2839
3296
2820
3158
2964
2953
3140
3064
3585
3340
3701
3541
3011
3652
3391
3174
3653
3477
3459
3326
3358
3669
3461
3302
3434
3419
3263
3530
3194
3270
3488
3116
3529
3193
3755
3588
3221
3475
3920
3445
3330
3659
3336
3111
3737
3529
3371
3706
3587
3972
3738
3842
3703
3866
3847
4174
3866
3810
3649
3303
3434
3439
3737
3189
4122
3556
3807
3766
3509
3830
3754
3660
3863
3953
3856
3974
3761
3940
4111
4344
3707
3818
3824
4016
4191
3788
4054
3720
3683
4224
3738
3925
4269
3988
3542
3890
3791
4073
3866
3980
3828
4362
4135
4007
4015
4222
4046
4587
3340
3996
3977
4108
4537
4003
3677
4091
4479
3804
4247
4188
4067
4262
4012
4549
3856
3947
4280
3852
4472
3812
3965
4548
4216
4521
4409
4218
3973
3939
4261
4287
4446
4701
3831
4386
4093
4146
4580
4381
4161
4574
4493
4713
4268
4388
4011
4574
3976
4488
4204
4132
4178
4420
4469
4378
4227
4448
4228
4239
4641
4111
4238
4540
4306
4698
4425
4576
4508
4277
4428
4526
4242
4340
4227
4552
4817
4427
4459
4428
4454
4161
4952
4675
4467
4499
4565
4627
4219
4635
4218
4270
4636
4461
4218
4405
4423
4343
4757
4603
4572
4604
4307
4665
4336
4339
4386
4453
4363
4616
4413
4532
5042
4919
4619
4118
4271
4471
4775
4621
4914
4491
4344
4207
4475
4684
4208
4388
4399
4819
4643
4619
4725
4095
5090
4802
4644
4573
4983
4257
4359
4744
4856
4764
4731
4644
4376
4432
4551
4332
4663
4977
4406
4159
4663
4599
4382
4204
4577
4788
4607
4590
4486
4666
4608
4785
4938
4787
4332
4648
4649
4701
4480
4455
4518
4405
4178
4365
4469
4368
4392
4467
4356
4539
4553
4363
4475
4344
4751
4335
4516
4354
4922
4544
4046
4997
4845
4696
4522
5077
4603
4603
4384
4235
4835
4550
4396
4299
4583
4314
4693
4771
4365
4343
4762
4687
4293
4276
4238
4649
4713
4727
4479
5152
4730
4416
4706
4699
4427
4611
4435
4740
4754
4376
4556
4698
4451
4453
4322
4833
4763
4506
4502
4553
3882
4718
4097
4850
4583
4470
4070
4264
4699
4256
4604
4119
4382
4268
4336
4460
4523
4130
4559
4667
4505
4102
4491
4339
4598
4224
4302
4016
4804
4107
4635
4512
4240
4281
4428
4317
4031
4547
4012
4373
4236
4109
3904
4383
4369
4452
4052
4066
4435
5091
4004
4282
4142
4146
4142
4090
4488
3830
4296
4198
4161
4460
4409
4302
4346
3997
4336
4370
3984
4172
4099
4073
4122
3981
3867
4136
3876
4224
4231
4312
3998
4370
4102
4332
3708
4085
3953
4130
4263
4105
4137
4085
4336
4259
4336
3847
4044
3788
3962
4074
3783
3509
3864
4042
3964
4161
4274
4209
4075
3750
3734
4174
4143
3682
3670
3541
3767
3557
4302
3807
3488
3885
4049
3807
3505
4001
3762
4030
3908
3590
3732
3273
3547
3881
3721
3548
3852
3506
3510
3756
3765
3733
3731
3639
3186
3702
4014
3621
4032
3311
3389
3627
3367
3770
3583
3440
3378
3386
3186
3443
3218
3673
3393
3494
3886
3564
3459
3417
3392
3536
3360
3622
3193
3399
3594
3279
3340
2951
3319
3303
3363
3378
3529
2986
3114
3157
3345
3300
3314
3095
3316
2864
3145
3204
2763
3000
3090
3568
3287
3398
2825
3446
2863
3287
3538
2864
3642
3244
3264
2900
3345
3130
3271
3511
2856
3421
2927
3041
3241
2783
2652
2918
3053
3385
3248
2957
2711
2996
2805
2678
3063
2909
3261
3086
2766
2777
3224
2670
2948
2868
2813
2778
2785
2892
3029
2679
2792
2920
3116
2585
2729
2594
2757
2677
2675
2572
2416
3138
2962
2881
2266
2436
2714
2527
2485
2463
2509
2757
2235
2366
2335
2753
2825
2596
2629
2798
2446
2494
2298
2309
2584
1968
2333
2435
2569
2058
2301
2233
2339
2684
2229
2134
2033
2476
2405
2019
2136
2249
2432
2618
1865
2383
2446
2048
1929
2531
2269
1820
2053
2117
2578
2190
2389
1813
2230
1871
1861
2079
1933
1864
2265
1911
1622
2071
1648
2258
1827
1942
2218
2296
2161
1571
1847
1921
2015
2139
2076
1677
1962
1959
1819
2038
1736
1721
1600
1845
1678
1828
1728
1854
1581
1587
1820
1692
1549
1726
1674
1948
1530
1618
1580
1289
1930
1850
1779
1295
1492
2121
1780
1538
1924
1668
1474
1699
1762
1554
1573
1313
1517
1754
1328
1879
1445
1197
1417
1479
1378
1439
1793
1837
1233
1461
1519
1244
1458
1400
1611
1394
1242
1393
1244
1909
1276
1158
1145
1141
1328
1244
1169
1593
1481
1152
1303
1344
1209
1111
1248
1292
1026
904
1286
1325
1356
1204
1028
922
1044
1058
1164
1066
1112
1132
1171
1216
1380
997
1481
907
1448
1265
964
1054
1194
993
1226
1422
1109
1222
1150
1265
1306
1303
953
861
941
1075
886
969
1003
1195
1048
1492
902
1067
1006
1027
953
990
899
910
854
910
570
1011
1116
764
1086
918
955
1016
766
828
867
1032
757
1024
893
635
1109
952
573
668
1375
705
864
958
667
661
880
747
761
609
768
894
618
871
581
696
745
832
808
1064
1207
1013
896
775
985
637
681
1028
721
531
1154
715
730
718
702
467
810
739
702
716
709
596
691
778
658
833
914
588
813
783
808
854
567
859
713
841
749
491
460
568
982
775
939
419
534
571
695
507
816
636
741
751
540
803
613
499
576
607
572
620
934
414
893
845
799
530
349
961
528
768
986
621
882
969
776
477
512
413
722
557
554
520
358
678
565
667
421
705
682
461
541
792
745
558
701
349
650
562
644
630
549
657
593
774
717
764
653
572
616
775
604
903
837
569
542
585
856
601
869
690
487
926
432
376
638
885
522
584
546
599
471
638
611
853
444
480
568
582
539
571
421
402
454
462
441
399
487
330
562
460
438
558
495
745
421
443
335
399
562
502
393
538
559
532
451
398
553
271
279
585
365
340
468
579
362
436
272
542
307
408
603
528
653
517
646
379
263
356
523
441
511
607
526
476
524
601
412
420
444
554
657
457
554
547
701
614
556
570
633
576
611
367
416
516
507
332
772
389
680
561
526
741
332
386
433
633
405
389
538
630
822
460
480
683
645
664
458
322
598
632
354
625
552
590
519
590
835
431
505
672
601
585
445
458
600
663
852
678
509
520
591
830
561
617
473
626
620
414
717
711
671
493
759
524
526
714
691
806
573
962
774
556
709
489
466
743
707
668
580
709
555
574
696
809
950
689
583
759
698
744
1040
703
853
945
588
736
947
694
832
643
683
823
1008
694
667
949
910
826
927
927
780
886
727
930
1027
814
965
830
1203
812
581
769
739
1135
797
977
879
1031
970
1035
973
704
989
1156
872
1054
929
924
919
1078
859
1135
1013
1087
696
840
945
932
1039
943
1039
916
911
1091
914
1139
971
1014
1127
927
827
1353
903
902
1049
1132
1090
1084
1069
1021
1142
1237
1163
929
965
1184
1224
1000
1222
977
1050
1262
1211
1220
1231
1376
1052
1200
989
1237
1289
1299
958
1253
1117
1125
1141
1273
1185
1195
1005
1150
1357
1436
1286
1263
1228
1230
1674
1569
1584
1122
1371
1231
1350
1220
1324
1168
1415
1269
1379
1589
1291
1326
1359
1301
1615
1370
1319
1446
1466
1364
1601
1199
1543
1426
1555
1691
1723
1441
1600
1524
1204
1652
1633
1582
1549
1754
1728
1414
1855
1550
1428
1677
1585
1523
1640
1845
1415
1717
1780
1850
1772
1699
1561
1614
1619
1911
1649
1695
1472
1719
1760
1638
2023
1795
1710
1806
1869
2037
1838
1944
1758
1656
1762
1785
1885
1825
1758
2200
1650
2066
1733
1849
1719
1833
1909
1777
1901
2153
2002
1894
2111
2035
2109
1843
2111
1924
2067
2036
2122
1884
2184
2323
1763
2198
1970
2065
2152
2253
2007
2011
2006
2181
2127
1979
2456
2268
2097
2447
2340
2132
2108
1980
1918
2144
2423
2313
2159
2135
2309
2513
2456
2255
2027
2514
2554
2248
2129
2367
2197
2425
2427
2502
2327
2076
2264
2422
2266
2334
2628
2490
2156
2477
2599
2207
2178
2290
2123
2445
2571
2291
2166
2784
2588
2376
2384
2679
2584
2495
2552
2517
2465
2315
2570
2684
2551
2657
2487
2921
2723
2803
2764
2407
2824
2543
2563
2670
2607
2826
2933
2798
2522
2748
2774
2693
2743
2990
2871
2664
2835
2543
2590
2630
2743
2802
3051
2770
2648
2940
2821
2821
2760
2805
2804
2715
3041
2850
2780
3006
2820
2826
2704
2800
2975
3184
2737
3323
2895
2902
2866
3162
2735
2673
3136
2944
3300
2858
2872
3020
2920
2914
3269
2776
2928
2755
2895
2998
3363
2964
3002
3105
2705
3400
2917
3076
2931
3319
3141
3052
3062
2970
2932
3105
2964
3349
3198
3266
3132
3161
3238
3237
3171
3226
3454
3269
3032
2886
3063
2933
3096
3200
3059
3438
3131
3108
3449
3318
3300
2922
3140
3259
3301
3091
3141
3639
3332
3020
3213
3340
3084
3247
3198
3282
3190
3198
3084
3430
3094
3574
3577
3359
3269
3167
3145
3141
3344
3065
3076
3365
3573
3554
3243
3470
3400
3166
3426
3449
3170
3319
3371
3185
3397
3538
3393
3298
3419
3411
3278
3277
3135
3484
3372
3319
3482
3333
3327
3296
3599
3188
3369
3254
3659
3351
3484
3386
3233
3464
3452
3330
3463
3353
3519
3518
3416
3147
3460
3311
3270
3681
3580
3470
3725
3289
3610
3538
3618
3457
3446
3450
3631
3368
3579
3545
3731
3338
3580
3408
3387
3404
3129
3439
3555
3440
3802
3395
3284
3646
3506
3775
3519
3492
3520
3530
3620
3513
3552
3452
3527
3544
3594
3484
3517
3516
3543
3509
3481
3755
3363
3467
3161
3345
3576
3548
3478
3423
3228
3533
3491
3773
3512
3677
3379
3355
3331
3557
3637
3435
3507
3091
3498
3314
3378
3598
3364
3349
3452
3487
3809
3298
2975
3601
3739
3546
3292
3403
3446
3735
3573
3233
3427
3499
3738
3597
3343
3541
3733
3322
3657
3321
3659
3326
3332
3619
3538
3428
3603
3234
3459
3417
3371
3392
3307
3777
3438
3568
3346
3337
3439
3223
3497
3410
3573
3358
3369
3467
3483
3740
3153
3451
3595
3608
3432
3411
3175
3499
3461
3466
3447
3331
3446
3736
3412
3407
3208
3510
3495
3400
3324
3635
3772
3384
3544
3615
3640
3828
3341
3238
3749
3131
3356
3383
3477
3392
3409
3070
3103
3431
3369
3461
3233
3370
3289
3566
3507
2928
3233
3363
3679
3320
3294
3342
3408
3141
3196
3340
3143
3200
3581
3516
3180
3272
3384
3168
3340
3166
3203
3315
3373
3210
3346
3623
3125
3408
3064
3174
3271
3014
3508
3161
2742
3179
2849
3333
3059
2892
3490
3016
3215
2951
2961
3020
2935
3022
3143
3198
2841
3237
3290
2868
2951
3007
3002
2985
3230
3000
3147
3192
2754
3094
3187
2987
3071
2818
2878
3212
3194
3274
2740
2709
3357
2868
3052
3183
3057
2873
3221
2851
2965
2709
2723
2867
2930
3142
2921
3074
2879
2733
2792
2927
2887
2651
2861
2682
2785
2708
2939
2693
2839
2726
2695
2750
2795
2766
2635
2625
3222
2537
2862
2739
2760
2618
2767
2663
2580
2749
2764
2514
2600
2838
2610
2625
2808
2950
2727
2547
2899
2733
2755
2606
2636
2550
2771
2513
2545
2764
2474
2563
2757
2616
2405
2676
2372
2836
2581
2662
2165
2426
2715
2586
2347
2538
2639
2479
2590
2271
2410
2528
2505
2441
2388
2151
2302
2218
2525
2532
2369
2314
2351
2553
2184
2294
2148
2512
2425
2282
2036
2093
2459
2159
2398
2255
2287
2469
2226
2328
1998
2184
2407
2141
2101
2229
2437
1888
2078
2201
2077
2114
2142
2103
2020
2231
2169
1959
2245
2249
2099
2278
2228
2137
2080
2132
2044
1921
2095
2074
1994
1778
2091
1843
1952
1791
2010
1948
1738
1874
1889
1900
1973
1799
1949
2066
2117
2215
1608
1918
1816
1776
1842
1942
1904
1975
1718
1988
2139
1734
2210
1971
1957
1827
1664
1621
1754
1636
1612
1792
1698
1818
1400
1588
1444
1685
1425
1520
1508
1646
1533
1332
1740
1414
1755
1535
1443
1363
1743
1665
1422
1584
1496
1400
1554
1459
1698
1385
1689
1518
1325
1393
1327
1133
1446
1339
1264
1201
1635
1594
1334
1399
1449
1134
1108
1700
1328
1289
1216
1176
1281
1163
1384
1230
1412
1314
1327
1411
1756
1469
1207
1019
1356
1195
1131
1389
1368
1272
1388
1415
1337
1168
1190
1496
1156
1508
1240
1125
925
1015
1287
942
1291
1073
1359
1055
1147
1074
1095
1184
1446
1220
1166
929
872
905
959
1006
726
1026
1327
998
911
999
917
1079
1048
1076
917
921
1015
908
919
946
1103
1092
912
1014
1100
751
1077
917
886
708
1270
1266
931
874
872
1038
994
967
1051
1080
873
793
1285
606
717
829
1110
939
754
767
1221
825
943
803
915
865
681
895
868
723
630
854
623
789
935
1003
1001
845
544
576
1004
578
657
810
680
668
751
654
634
595
734
878
726
651
645
466
626
926
603
835
699
828
528
645
547
604
634
586
700
686
699
888
550
580
507
578
557
733
785
712
495
743
709
513
567
491
937
473
752
771
623
569
907
485
516
657
650
421
517
449
656
368
582
613
578
506
772
513
604
388
518
514
692
713
498
416
436
483
475
618
496
431
389
509
663
839
576
519
376
542
432
667
436
405
404
393
516
534
523
611
492
451
518
635
299
379
711
319
490
491
404
345
569
411
643
400
411
770
429
493
543
469
370
314
397
824
288
541
490
342
304
536
500
535
490
345
436
473
466
384
553
432
534
583
533
503
334
289
390
491
441
431
613
441
443
578
497
501
455
237
568
325
328
581
525
555
416
266
463
360
792
442
593
451
262
467
529
408
291
540
419
359
450
482
718
336
407
309
367
765
880
447
400
387
434
472
429
544
659
960
612
593
786
804
415
613
548
524
741
652
591
633
549
1019
853
510
543
582
592
709
654
506
344
652
547
709
386
470
485
633
863
522
581
709
873
604
587
593
723
579
665
641
697
1043
567
1093
1201
787
896
674
756
783
825
669
494
993
961
690
677
797
719
736
975
724
862
832
826
1130
640
954
882
1203
872
780
751
633
571
564
542
768
535
877
618
987
679
964
860
719
1029
588
804
637
760
669
747
826
893
958
567
425
686
1033
715
1240
675
777
865
920
851
856
760
1002
1018
1002
1317
840
806
703
616
971
746
735
733
1106
811
747
728
1162
1073
1229
668
1113
833
990
721
726
723
804
1054
1205
1063
967
785
858
862
710
783
871
782
1017
939
839
1311
940
1159
1321
899
714
1201
1084
1001
1017
999
1289
893
1238
880
1003
1299
1137
993
971
1429
1011
1115
910
1160
1235
1372
1275
1331
1658
976
1323
1004
1210
1109
1210
1410
1505
1002
1403
1283
1352
1622
1187
1254
1712
1202
1272
1363
1315
1338
1488
1487
1543
1009
1298
1373
1694
1448
1376
1245
1425
1434
1489
1658
1505
1481
1504
1397
1285
1463
1379
1835
1660
1424
1265
1337
1219
1590
1564
1481
1965
1474
1217
1467
1392
1334
1155
1877
1614
1280
1744
1785
1613
1736
1644
1568
1342
1479
1854
1516
1907
2060
1863
1750
1757
1386
1440
1576
1838
1560
1996
1830
1867
1848
1617
1825
1925
2348
2177
1875
2361
1968
1631
1792
2158
2114
1865
2234
1899
1895
1723
2209
1831
2080
1911
2355
2062
2281
2030
2335
2007
1987
2625
2207
2239
1935
2137
1856
2287
2447
2625
2295
1794
1961
2134
2450
2518
2287
2471
2617
2269
2455
2107
1906
2176
2696
2336
2031
2485
2436
2419
1999
2199
2718
2474
2700
2343
2154
2627
2345
2389
2794
2355
2562
2657
2453
2926
2554
2329
2565
2233
3522
2678
2898
2467
2517
2868
2469
2869
2676
2721
2532
2438
2180
2753
3099
2550
2418
2970
2442
2709
2558
2946
2905
3069
2773
2821
2502
2645
3107
3016
3005
2999
3149
3048
3268
2816
3038
3024
3056
3083
2875
2922
2873
3407
3094
3040
3122
2924
3047
3318
3349
3000
3338
2972
3117
2886
3022
2934
2874
3516
3417
3395
2929
3531
3048
3035
3411
3152
3466
3358
3132
3625
3363
3225
3771
3242
3264
3362
3582
3315
3512
3456
3480
3591
3443
3560
3622
3790
3815
3540
3363
3591
3770
3650
3524
3765
3505
3496
3513
3552
3430
3618
3958
3431
3949
3775
3979
3663
3759
4037
3475
3657
3479
3755
3931
4484
3678
3897
3901
3899
3901
3897
3509
3555
4041
3511
3563
3884
3976
3942
3946
3957
3551
4118
4192
3986
3509
3736
3936
4205
4358
4226
4172
4018
3875
3880
3493
4386
3803
4143
4007
4041
4044
4267
3941
4074
4029
3994
3875
3869
3991
4156
3951
4130
4103
4185
4379
4115
4173
4083
4463
4367
3855
4128
4221
4038
4040
3745
4412
4552
3982
4372
4099
4293
4208
4411
4145
4331
4016
4189
5133
3927
4312
4467
4616
4420
4421
4366
4456
4753
4936
4239
4271
4956
4605
4512
4445
4884
4868
4033
4483
4255
4453
4486
4521
4477
4161
4733
4728
4623
4898
4657
4880
4528
4343
4569
4464
4204
4584
4410
4622
4723
4934
4677
4831
4595
5025
4631
4891
5103
4498
5054
4066
4605
4405
4578
4687
4852
4787
4276
4800
4618
4681
4854
4774
5254
4463
4715
4670
4758
4532
5025
4789
5097
4973
4679
4997
4885
4683
4911
4462
4515
4816
4384
4927
4804
4944
4863
4801
4701
4687
4932
5150
4745
5203
4979
4458
5326
4732
4353
5060
5237
5012
4840
4499
4924
4693
4799
4982
4877
5116
5266
5131
4822
5053
4783
4836
4845
5059
5364
4925
4926
5124
4941
4738
4879
4819
4919
4949
4934
4899
5171
5228
5271
4839
5063
5082
4712
5024
4611
4876
5057
5204
4764
5120
5287
4824
4782
5225
4910
4936
4653
4788
5193
5407
5110
5222
5116
4581
4987
4787
4708
4955
4980
5119
4516
5364
5106
4849
4927
5059
4709
5062
4479
4551
4489
4563
5193
4887
5082
4643
4995
5146
5227
5076
4872
4527
4894
4777
4583
4619
4858
5074
5003
5118
4993
4978
4945
5044
4789
5103
5035
4862
5038
5238
5135
4888
4849
4765
5230
4972
4426
5157
5216
5003
5154
5155
4922
5005
4650
4797
4387
4963
4886
4915
4491
4997
4831
4901
4911
4749
5046
4705
4533
5065
4681
5253
4325
4754
4568
5046
4686
4864
4565
4385
4883
4534
4544
4587
4959
4754
5031
5191
4978
4734
4905
4760
4481
4761
4662
4971
5009
4627
4893
4893
4954
5095
4659
4083
4389
4816
5064
5049
4670
4655
5109
4399
4721
4876
4607
4997
4785
4268
4461
4761
4529
4575
4462
5195
4444
4806
5060
4689
4447
4422
4468
4850
4706
4360
4685
4587
4524
4320
4429
4064
4716
5014
4889
4483
4659
4638
4141
4318
4746
4223
4489
4855
4701
4450
4222
4657
4992
4492
4130
4363
4588
4249
4279
5215
4175
4290
4493
4335
4589
4246
4519
3959
4663
4579
4498
4063
4396
4215
4313
3882
4406
3863
4655
3877
4453
4272
4153
4258
4169
4276
4329
3892
3893
4608
4389
4447
3848
3859
4264
4329
4179
4191
4193
4527
4060
4003
3805
4142
4311
4111
4510
3889
4241
3855
3962
4211
4185
3993
3799
4163
3826
3911
4119
4059
3848
4131
3787
3826
3786
4004
3854
4122
4051
3622
3915
3955
3794
3776
3566
3607
3985
3646
3868
3844
3699
3320
3529
3575
3585
3896
3655
3813
3757
3292
3578
3763
4147
3765
3376
3561
3260
3637
3939
3397
3624
3597
3927
3659
3714
3089
3827
3602
3302
3178
3740
3338
3720
3133
3524
3587
3307
3453
3351
3523
3089
3844
3220
3590
3251
3316
2953
3449
3089
3376
2999
3085
3277
3217
3414
3185
2828
3217
3012
3270
2775
3134
3621
3223
2791
3285
3332
3234
2519
3130
3427
3075
3014
3174
3195
2834
3068
3018
2948
3254
3087
2897
3156
3099
2679
2695
2882
3255
3099
2931
2845
2774
2615
2803
2585
2658
2759
2759
2755
2660
2919
2726
2545
2953
2568
2558
2515
3073
2950
2817
2677
2496
2588
3032
2952
2959
2753
2404
2676
2730
2550
2463
2502
2253
2616
2402
2330
1942
2756
2128
2162
2265
3108
2406
2413
2329
2620
2592
2335
2417
2781
2171
2232
2330
2538
2028
2253
1982
2898
2445
2583
2518
2200
2235
2185
2275
2508
1730
1710
2477
2185
2093
2144
2084
2454
2084
2043
2150
2429
1875
1977
2348
2391
2354
2024
1815
1779
1949
1915
2017
2071
1796
2104
2223
1710
1798
1894
1729
1664
2061
1864
2066
1920
2426
2076
1574
2007
2144
1866
1752
1979
1783
1693
2020
1535
1839
1685
1638
1422
1446
1710
1673
1516
1780
1304
1685
1698
1547
1382
1496
1445
1777
1654
1698
1284
1656
1284
1325
1468
1401
1424
1468
1765
1424
1445
1611
1159
1196
1237
1338
1592
1466
2083
1333
1545
1292
1240
1547
1192
1545
982
1296
1430
1061
1066
1041
1386
1324
1486
1555
1328
1733
1364
1843
1087
1180
1400
1333
1382
1495
1013
1311
1432
1113
808
935
1066
1026
897
1606
955
872
934
1273
758
1256
935
1095
1021
1178
1042
916
1013
1695
1202
1065
1027
1439
1003
1290
1252
1236
1150
1147
1094
964
825
909
902
1089
937
1091
1023
1303
961
1082
1013
886
947
1045
958
1219
1173
1121
1387
988
877
987
757
789
810
705
1206
804
731
957
808
848
902
770
863
869
842
810
943
922
629
957
985
779
799
1060
978
897
1018
750
520
904
992
962
750
1062
753
808
627
710
477
686
551
523
918
666
768
753
999
1133
935
843
726
586
670
842
858
702
997
744
491
1209
674
978
460
757
991
748
811
676
620
548
1055
732
822
607
635
483
976
684
872
677
772
862
655
694
924
570
526
776
671
620
660
546
639
780
551
749
260
537
848
847
656
581
567
329
648
587
868
751
544
708
559
730
682
550
661
540
606
660
481
507
989
708
779
535
666
439
281
637
337
771
459
575
740
489
611
664
566
645
474
590
879
602
800
598
472
704
431
691
528
850
964
479
773
546
383
549
917
550
646
551
747
478
757
751
496
646
644
750
809
415
517
610
532
743
482
640
575
618
500
672
449
356
548
699
639
377
517
624
548
733
424
443
580
991
340
811
571
795
374
379
1050
559
749
583
536
641
741
467
642
559
578
487
611
651
805
797
827
425
394
1008
570
567
721
473
564
499
475
408
882
481
504
869
677
1402
718
499
373
583
782
629
490
626
867
818
705
803
580
711
880
545
573
463
549
893
711
835
724
628
854
714
810
887
655
643
590
801
681
609
722
503
1092
833
903
863
847
757
816
592
715
1045
1003
752
548
679
724
700
590
646
883
984
803
633
796
582
801
1065
634
826
682
871
926
791
912
955
1189
1102
1235
935
962
969
856
973
722
933
1094
988
851
747
662
1008
946
853
846
827
526
835
919
928
752
914
858
1215
1043
1180
972
1523
931
1054
1207
1065
1434
864
922
1150
1015
1173
1280
1184
949
717
1329
1231
1028
1370
1149
1066
1121
1387
1382
1277
1351
1159
1074
1024
995
1027
1197
1097
1434
1048
1192
1306
1115
1202
1101
1154
1151
1206
1483
1199
1472
1319
1214
1521
1208
993
1286
1338
1369
1061
1200
1415
1186
1408
1622
1239
1514
1256
1351
1531
1648
1304
1335
1254
1891
1596
1557
1254
1637
1546
1569
1521
1631
1876
1397
1120
1701
1704
1610
1771
1332
1622
1406
1404
1874
1673
1201
1508
1557
1474
1770
1849
1442
1725
1828
1776
1384
1573
1617
1863
1444
1784
1768
1951
1753
1614
1550
2014
2256
1463
1605
2008
1728
1896
1926
1912
1786
2081
2163
1543
2000
1720
1671
2016
1645
2032
2109
1676
1825
1907
1821
2204
1903
2067
1982
2141
2021
1855
2201
1776
2126
2067
2033
2255
2312
2114
1675
2436
2345
2246
2232
2157
2449
2400
1736
2456
1967
2269
2236
2293
1960
2046
2238
2544
2141
2222
2732
1956
2537
2072
2283
2321
2492
2121
2633
2670
2427
2461
2650
2331
2269
2612
2634
2463
2533
2400
2265
2396
2451
2180
2390
2770
2419
3008
2553
2852
2862
2601
2618
2552
2354
2730
2706
2583
2559
2488
2851
2714
2545
2657
2553
2742
3074
2332
2834
2634
2666
2629
2959
2753
3180
2868
2884
2464
3046
2900
2743
2939
2757
2705
2943
3060
2818
2803
3306
3228
2763
2992
3078
3300
3062
3049
2766
2840
2784
2934
2812
3147
3078
2681
3056
2923
2923
2843
3217
3124
3162
3139
2916
3269
3228
3108
3097
3293
3078
3323
3294
3368
3286
3016
3472
3352
3103
3310
3349
3170
3185
2909
3152
3536
3215
3637
3526
3240
3484
3222
3518
3462
3320
3622
3363
3616
3027
3467
3595
3749
3444
3561
3625
3799
3568
3563
3676
3457
3288
3440
3589
3612
3666
3651
3661
3659
3434
3521
3649
3596
4001
3838
3732
4093
3960
3866
3637
3571
3820
3708
3297
3473
3644
3698
3981
4088
3908
4044
4053
3923
3900
3761
3828
3587
3841
3589
3802
3812
3873
4057
3686
3848
4025
3707
4027
4329
3559
3824
3923
3749
3952
3930
3963
4050
3852
3787
3889
3735
3843
3709
4133
4014
3898
3778
3851
3913
3972
4157
4054
3645
4444
3898
3703
4399
3888
4299
3768
3990
3766
4208
4167
3915
4441
4278
3818
3858
4307
4293
4093
4389
4026
3774
3981
3965
4198
4332
3922
3921
4242
4077
4331
3863
4125
4428
4363
3974
3896
4207
4194
4213
4189
4177
4164
4519
4085
4124
4132
4159
4444
4723
4122
4036
3983
4272
4134
4703
4235
3985
4404
4011
4290
4378
4659
4319
4775
4462
4521
4786
4657
4128
4274
4360
4260
4756
4419
4397
4278
4801
4656
4147
4702
4302
4358
4560
4123
4466
4360
4337
4397
4479
4334
4540
4377
4304
4388
4569
4429
4706
4388
4714
4363
4223
4973
4972
4578
4340
4716
5200
4855
4356
4717
4419
4217
4427
4296
4577
4853
4677
4134
4213
4625
4547
4689
4600
4500
4243
4423
4526
4211
3983
4644
4379
4477
4475
4295
4158
4001
4387
4483
4690
4247
4261
4426
4593
4791
4284
4462
4525
4717
4652
4146
4754
4225
4502
4403
4650
4605
4721
4564
4588
4543
4740
4583
4400
4554
4211
4433
4264
4244
4586
4602
4067
4420
4423
4596
4301
4390
4448
4147
4303
4543
4514
4454
4645
4484
4475
4592
4565
4610
4097
4721
4507
4328
4608
4604
5037
4814
4558
4879
4169
4487
4554
4321
4204
4618
4569
4635
5131
4229
4214
4286
4362
4603
4433
4327
4172
4270
4237
4714
4522
4205
4392
4141
4370
4239
4529
4432
4355
4412
5103
4501
4475
4366
4424
4487
4128
4284
4367
4280
4842
4521
4451
4205
4119
4200
4142
4218
4367
3983
4458
4512
4363
4013
4144
3996
4340
3937
4431
4718
4557
4511
4666
3863
4332
4113
4094
4233
4221
4063
3993
4118
4268
3916
4278
4120
4088
3977
4413
4262
4228
3924
3741
4120
4114
4129
4187
4068
4152
4315
4221
3623
4105
4353
3737
4035
4243
4470
3966
3781
3989
4325
4060
3769
4289
3700
4247
3881
3915
4162
3710
4296
3973
3964
3916
4119
4081
4010
4074
3754
3978
3833
3938
4082
3834
4372
3767
4113
3606
3728
3583
3540
4199
3863
4001
3481
3814
3855
3923
3871
4027
4148
3503
3666
3744
4063
3798
3502
3823
3518
4038
3673
3743
3443
3714
3854
4151
3742
3315
3347
3624
3620
3510
3618
3497
3309
3376
3697
3616
3279
3496
3615
3336
3654
3524
3873
3257
3570
3417
3441
3611
3657
3659
3363
3963
3332
3560
3656
3132
3947
3179
3706
3074
3737
3524
3430
3358
3465
3401
3074
3022
3383
3768
3006
3250
3390
3483
3433
3218
3370
3112
3368
3239
2947
3329
3228
3216
3242
3335
3140
3180
3036
3227
3524
3148
3216
3207
2970
3554
2882
3058
3261
2937
3043
2975
2961
3065
2924
2704
3000
2698
2890
2984
2755
3208
2683
2871
2840
3192
2812
2912
3434
2978
2881
3098
2710
2694
2834
2862
2755
2772
2622
2893
3111
2723
2821
2589
2895
2962
2506
2508
3108
2985
2674
2681
2689
2902
2513
2345
2335
2571
2362
2476
2953
2698
2567
2620
2453
2486
2488
2854
2844
2391
2347
2525
2493
2565
2732
2455
2817
2255
2252
2429
2987
2617
2205
2615
2283
2018
2437
2317
2483
1949
2157
2238
2355
2689
1915
2395
2229
2386
2206
2492
2275
2207
1861
1922
2496
2270
2266
1996
2233
2239
2738
2424
1937
2275
1819
2503
2172
2277
2329
1928
2479
1990
2134
1891
2231
1898
1621
2538
2113
1700
1795
2005
2247
2047
1806
2027
1637
2032
1816
1865
1681
1766
1508
2235
1944
1808
2146
1697
1624
1737
1906
1599
1602
1804
1667
1941
1484
1774
1692
1364
1827
1596
2054
1903
1802
1688
1681
1472
1646
1439
1563
1534
1177
1630
1823
1441
1571
1564
1428
1461
1679
1452
1534
1869
1267
1205
1402
1392
1332
1651
1626
1548
1400
1527
1543
1817
1773
1163
1295
1294
1254
1230
1696
1476
1457
1385
1222
1334
1660
1223
1422
1542
1367
850
914
1076
1107
1357
1338
1238
1198
1162
1024
1298
1115
1028
873
1056
1050
1062
1147
1275
969
1130
1011
1529
1059
1210
1244
859
1166
1026
1513
890
1099
1116
1103
1173
1093
1145
1479
1314
915
847
1168
1257
1139
1196
1024
1029
948
1000
971
1095
1127
867
721
956
934
887
882
971
740
1056
851
710
810
1038
990
1181
909
924
892
726
807
764
994
835
1087
829
665
917
901
695
1293
1342
922
682
684
690
855
924
910
853
852
574
693
771
718
846
711
838
799
1089
716
623
835
898
963
762
497
784
588
780
660
801
849
597
1050
822
716
796
749
743
766
762
857
977
681
803
462
831
961
848
721
723
784
606
525
583
803
608
599
620
422
658
443
908
764
495
670
553
744
573
549
664
858
1069
591
682
509
502
697
598
936
636
596
662
830
672
600
782
492
510
759
438
581
565
545
844
503
503
509
713
600
317
668
608
673
555
569
448
724
438
476
447
406
518
679
504
317
517
579
608
472
1004
511
809
706
546
811
349
505
910
550
1087
495
419
624
554
728
679
686
421
454
536
722
604
500
613
522
548
652
562
417
626
501
499
501
428
371
853
662
583
593
411
763
624
405
555
702
440
827
517
522
1048
614
636
480
633
589
781
620
430
607
679
650
474
641
372
646
292
525
547
434
567
607
380
643
598
649
678
553
747
653
671
996
601
338
482
646
429
523
558
860
310
780
517
557
606
554
743
496
699
431
508
564
508
709
603
866
776
551
833
631
637
586
674
596
600
528
757
607
463
498
550
825
547
803
765
490
524
439
761
846
585
919
982
623
470
564
681
605
556
839
849
579
567
759
724
976
603
1052
522
857
768
621
782
1182
670
916
526
896
754
709
391
752
880
863
777
721
682
593
944
989
578
549
652
568
607
1147
684
701
563
819
1057
1198
751
630
1060
1186
698
772
785
1034
1041
630
696
1004
712
798
965
862
802
964
890
1054
1085
844
734
1201
714
922
880
889
837
777
929
994
733
1013
816
844
704
922
1010
1112
1051
1158
985
872
789
1021
976
988
878
1205
929
1132
901
943
919
901
1487
660
1110
1063
1126
888
1164
1003
1228
1335
1001
1352
1161
1154
925
1036
1217
1349
1302
1239
1112
1122
1198
1173
908
1452
971
839
1180
1664
930
1256
1044
1259
1018
1354
1452
1378
1246
1387
1461
1218
1401
1274
1776
1445
1201
974
1207
1371
1238
1366
1336
1345
1447
1275
1538
1130
1488
1429
1281
1178
1504
1262
1343
1823
1526
1168
1773
1514
1319
1495
1475
1560
1626
1661
1794
1474
1226
1289
1596
1620
1285
1694
1581
1874
1747
1544
1236
1875
1505
1738
1842
1712
1888
1590
1630
1604
1429
1683
2038
1867
1590
1647
1564
1650
1666
2187
1607
1712
1741
1908
1996
1904
1819
1955
1648
2060
1731
2011
1943
1755
2061
1889
1918
1781
2137
2307
1885
1959
1859
1872
1942
1797
1809
1974
1776
2005
2172
2254
2181
1648
2399
2495
1849
2253
2603
2347
2088
1898
2186
2145
2242
2129
2039
2443
2204
2275
2368
2497
2542
2229
2249
2390
1994
2388
2355
2262
2221
2643
2185
2241
2377
2584
2217
2573
2503
2240
2433
2225
2712
2464
2360
2345
2629
2520
2679
2680
2322
2602
2404
2506
2801
2628
2389
2618
2220
2684
2840
2530
2690
2799
2611
2791
2746
2775
2856
2691
2691
2816
3000
2774
2631
2557
2875
2820
2775
2860
2545
2751
2823
3138
2882
2993
2963
3015
2747
2776
2830
2787
3174
3015
2866
3208
3126
2969
2973
3198
2927
2976
3249
2964
2907
3204
3329
3297
2974
3176
3019
3013
3418
3159
2919
3105
2826
3112
2971
2709
3002
2951
2977
3078
3057
2965
3288
3112
3009
3152
3286
3298
3089
3417
3208
3263
3293
3229
3131
3604
3384
3313
3387
3430
3186
3004
3416
3363
3491
3544
3438
3706
3623
3134
3317
3494
3488
3687
3176
3556
3088
3498
3476
3539
3659
3545
3623
3471
3498
3593
3546
3784
3562
3517
3830
3231
3416
3667
3436
3794
3543
3325
3312
3521
3601
3722
3542
3710
3616
3387
3676
4178
4012
3874
3776
3473
3486
3532
3724
3816
3295
3608
4006
3644
3930
3619
3754
3653
3880
3564
4258
3931
3867
3860
4090
4230
3777
3852
3715
4103
3895
3854
3969
3834
3703
3824
3730
3801
4145
3710
4068
3678
4121
4056
3960
4197
4470
4215
3900
4222
3929
4181
3809
3813
3669
4073
3839
3963
4259
4079
3612
4145
3827
3893
4230
4040
4189
3771
4250
4227
4062
3979
3760
4212
3899
4021
4443
3953
3934
3990
4023
3842
4564
4727
4155
4072
3534
4424
4261
3869
4218
4236
3976
4089
4147
4348
4216
4400
4427
4333
4104
4443
4211
4521
4079
4174
4533
4625
4444
4383
4187
4195
4238
4143
4493
4167
4266
4205
4200
4284
4129
4050
4469
4119
4493
3902
4629
4171
4339
4660
4136
4048
4087
4158
4102
4475
4477
3932
4164
4111
4190
4361
4316
4362
4530
4208
3995
4198
4504
4002
4714
4454
4005
4353
4488
4172
4271
4419
4274
4555
4488
4306
4033
4447
4231
4033
4217
4341
4457
4203
4577
4539
4154
4215
4475
4330
4461
4122
4353
4173
4457
4243
4459
4440
4575
4540
4210
4370
4449
4011
4199
4319
4353
4365
4564
4254
4532
3936
4070
4243
4045
4301
4397
4346
4726
4112
4555
3759
4450
4358
4343
4231
4459
4302
4102
4284
4392
4413
4136
4205
3846
4352
4433
4403
4474
3927
4249
4413
4170
4228
4280
4449
4185
4425
4094
4374
4170
4446
4332
4313
4475
4172
4325
4093
3909
4188
4104
4142
4244
4288
4153
4606
4574
4276
4092
4116
4131
4390
4229
4053
4593
4446
4375
3999
4572
4562
4087
4192
4191
4561
4077
4382
4358
4366
4482
4058
4374
4365
4186
3936
4186
4015
4113
4107
4222
4310
4072
4191
4108
3975
4280
4498
4068
4195
4148
3999
4528
4485
3897
4136
4238
4172
4046
3970
4366
4158
3981
3967
4044
3935
4030
4064
3649
3986
4067
3992
3939
4253
4149
3858
3719
3776
4274
3897
3726
4175
3813
3958
3827
3755
4088
4210
3965
4110
4150
3605
4109
3638
4047
3597
3833
3836
3932
3848
3949
3853
3945
3904
3779
4006
3766
3767
3844
3815
3617
4460
3788
3957
3833
3586
3747
3647
3723
3591
3860
3832
3892
3732
3767
3411
3587
3611
3309
3829
3799
3714
3908
3895
3398
3818
3615
3815
3336
3610
3088
3369
3265
3559
3327
4021
3544
3427
3717
3970
3795
3744
3343
3639
3853
3419
3446
3299
3789
3417
3432
3569
3770
3280
3355
3174
3265
3506
3160
3649
3200
3429
3301
3537
3567
3451
3319
3491
3663
3403
3228
3312
3534
3451
3178
3416
3477
3345
3326
3175
3414
3308
3401
3614
3440
2889
3187
3011
3358
3328
3246
3059
3695
3054
3128
2954
3107
3342
3228
3248
2999
3347
3070
3052
3055
3208
2905
3039
3409
2805
2928
2984
2811
2987
3151
3003
2953
2758
2688
3360
3089
2800
2987
2696
2874
2463
3236
2806
3073
3137
2674
2936
2512
2515
3016
2707
2655
3194
2752
2718
2732
2705
2844
2810
2631
2300
2963
2791
2526
2759
2596
2822
2621
2789
2458
2434
2363
2739
2358
2745
2791
2529
2460
2782
2371
2682
2438
2836
2475
2671
2715
2404
2600
2550
2471
2244
2683
2315
2446
2300
2650
2333
2480
2556
2196
2558
2337
2431
1817
2584
2048
2285
2094
2100
2325
2390
2407
2011
1871
2062
2295
2210
2135
2136
2040
2265
2210
1989
2347
2125
2210
1951
1964
2129
2324
2064
2609
2224
1808
2223
1952
2087
1956
1587
2114
2523
2010
1959
1956
2246
1760
1887
1605
1744
2208
1988
2033
1672
1885
2151
1680
1656
2167
1803
1749
1882
1835
1659
1610
1741
1674
1992
2037
1661
1713
2036
1667
1683
1343
1898
1608
1625
1522
1484
1600
1571
1703
1517
1504
1386
1928
1424
1427
2032
1621
1527
1714
1805
1809
1620
1861
1420
1666
1578
1433
1449
1519
1712
1410
1542
1391
1294
1558
1260
1216
1275
1206
1457
1331
1462
1122
1757
1019
1276
1451
1584
1362
1314
1232
1090
1436
1250
1399
1198
1183
1154
1314
995
1558
1387
1300
1188
1161
1337
1120
1116
1372
1114
1314
1383
1257
1576
1243
1191
1214
1118
1070
1227
1066
971
990
1128
1089
1364
1193
1084
1084
1125
912
957
1041
930
865
1180
825
984
1374
1085
977
960
1110
1019
1231
948
967
730
888
799
896
897
857
945
696
643
892
1189
1082
861
1253
819
733
851
938
1263
976
1010
1189
730
799
1042
748
601
872
909
951
1016
512
1000
777
1034
926
637
953
602
653
947
745
844
807
721
517
871
788
616
522
701
692
979
1026
660
883
593
787
605
670
866
755
557
567
884
732
598
636
699
890
946
511
879
784
972
618
564
513
846
846
714
947
713
675
578
523
596
859
559
960
977
710
608
606
745
421
626
865
793
1077
677
948
615
562
514
924
679
518
372
943
591
427
355
929
573
818
835
632
628
548
306
607
537
573
785
616
668
826
847
747
637
790
548
628
456
764
648
669
872
579
519
559
457
673
698
771
330
394
685
349
768
693
634
445
463
889
500
728
455
637
585
504
532
475
708
407
407
367
706
621
514
565
531
453
575
912
629
578
528
743
409
696
453
489
692
424
467
678
761
790
579
469
365
345
430
603
537
569
573
630
216
160
306
251
240
282
232
120
204
173
320
237
353
238
211
316
314
159
148
233
282
341
366
187
280
244
226
280
333
161
194
169
234
224
191
225
187
260
264
243
231
284
306
237
232
174
193
320
312
111
239
271
207
192
204
147
167
286
272
200
154
245
238
287
224
287
197
339
249
221
188
260
194
272
252
261
203
452
221
327
239
269
280
275
389
353
327
163
456
322
316
335
227
202
222
230
336
298
249
252
279
374
176
237
262
330
453
345
459
277
183
284
260
264
272
320
360
249
287
328
198
250
301
306
259
246
361
311
223
289
260
333
339
326
296
323
269
265
304
389
341
291
410
311
348
362
359
356
271
271
436
327
261
354
397
339
314
358
338
299
344
320
425
372
447
322
419
299
429
424
401
465
465
457
324
374
257
386
392
378
415
542
455
311
476
374
458
384
602
484
348
422
383
443
591
358
445
411
482
417
419
466
496
669
418
590
538
336
400
490
387
389
468
473
444
530
546
592
627
617
516
462
590
464
556
563
382
507
441
553
518
369
591
499
497
634
481
514
469
541
600
556
718
560
559
577
517
403
655
676
475
515
588
547
555
555
675
715
630
788
644
762
665
648
495
651
621
683
749
663
606
561
564
536
707
659
733
699
641
732
531
567
812
700
734
627
608
595
663
753
753
695
850
798
605
756
740
651
794
665
764
748
793
644
691
779
880
687
804
737
840
821
686
942
847
1075
912
839
836
702
831
865
794
886
847
788
956
809
867
837
936
904
851
841
829
855
919
945
791
857
850
1025
885
924
778
858
790
980
822
825
934
911
959
931
1138
780
879
997
1063
997
1002
1067
914
1035
1018
840
927
1021
1163
1112
1133
1149
1005
1037
1153
990
1048
997
1123
980
968
1043
1116
1053
1035
1193
979
1164
909
996
1029
1025
1086
1066
1148
1187
1092
1044
1243
1198
1220
1121
1244
1063
1130
1136
1149
1149
1142
1108
1234
1072
1093
1257
1256
1325
1278
1221
1237
1113
1241
1117
1194
1202
1236
1191
1146
1049
1254
1117
1201
1264
1338
1194
1365
1311
1283
1378
1261
1237
1171
1357
1258
1139
1451
1401
1352
1461
1209
1303
1361
1411
1154
1251
1393
1425
1322
1306
1238
1327
1198
1401
1407
1527
1397
1442
1479
1345
1278
1398
1369
1366
1262
1363
1320
1340
1447
1282
1254
1336
1342
1438
1414
1508
1421
1413
1542
1723
1508
1379
1476
1347
1442
1454
1346
1629
1482
1442
1463
1467
1588
1597
1421
1491
1548
1529
1369
1446
1414
1691
1506
1612
1381
1661
1538
1369
1472
1328
1443
1553
1477
1478
1551
1567
1612
1418
1514
1513
1521
1672
1501
1560
1569
1606
1573
1606
1607
1607
1410
1428
1612
1429
1544
1572
1843
1501
1662
1827
1478
1527
1663
1576
1629
1637
1617
1642
1678
1595
1718
1585
1702
1746
1685
1708
1753
1625
1764
1700
1659
1648
1705
1583
1578
1610
1684
1692
1657
1501
1851
1667
1610
1602
1540
1639
1649
1760
1722
1558
1667
1724
1661
1698
1743
1798
1811
1743
1636
1665
1732
1807
1849
1623
1700
1788
1780
1856
1800
1682
1692
1763
1699
1691
1705
1583
1607
1642
1716
1788
1815
1477
1646
1822
1722
1737
1718
1620
1799
1774
2045
1698
1884
1920
1706
1836
1751
1901
1824
1777
1613
1727
1580
1669
2006
1807
1810
1936
1654
1772
1871
1770
1775
1746
1985
1756
1777
1698
1936
1819
1701
1718
1749
1711
1866
1725
1891
1798
1844
1730
1768
1816
1782
1829
1820
1836
1768
1715
1691
1638
1849
1845
1787
1830
1962
1656
1726
1708
1886
1800
1788
1806
1656
1828
1919
1855
1856
1883
1912
1807
1735
1803
1716
1888
1883
1891
1867
1728
1732
1862
1900
1776
1710
1795
1704
1902
1879
1686
1562
1718
1710
1838
1972
1786
1895
1655
1836
1760
1701
1690
1832
1818
1804
1862
1739
1768
1844
1619
1940
1903
1800
1693
1949
1673
1763
1748
1712
1724
1823
1811
1704
1709
1727
1762
1772
1772
1902
1748
1789
1776
1720
1740
1795
1758
1715
1728
1774
1730
1821
1739
1919
1761
1637
1843
1847
1879
1893
1792
1642
1700
1807
1770
1864
1728
1915
1903
1619
1784
1891
1872
1886
1739
1801
1819
1734
1914
1836
1795
1826
1699
1883
1870
1862
1680
1687
1672
1784
1695
1818
1819
1729
1758
1622
1747
1830
1698
1708
1757
1669
1740
1687
1696
1670
1707
1720
1761
1810
1744
1686
1702
1769
1721
1609
1664
1695
1570
1747
1584
1817
1812
1660
1646
1599
1554
1591
1642
1601
1735
1728
1713
1696
1814
1653
1698
1617
1590
1634
1561
1514
1583
1715
1564
1653
1627
1587
1663
1617
1658
1607
1634
1501
1604
1745
1772
1531
1557
1567
1581
1734
1624
1693
1509
1553
1719
1447
1549
1532
1471
1631
1492
1390
1594
1496
1568
1524
1572
1545
1607
1614
1422
1649
1690
1349
1425
1541
1592
1440
1292
1459
1533
1550
1485
1511
1475
1540
1546
1370
1572
1462
1436
1504
1394
1434
1523
1365
1495
1421
1356
1328
1356
1384
1418
1539
1468
1356
1398
1311
1454
1421
1493
1477
1574
1356
1418
1387
1399
1406
1281
1441
1311
1417
1384
1223
1532
1214
1426
1413
1370
1439
1433
1377
1408
1410
1299
1169
1296
1202
1392
1279
1285
1306
1454
1440
1380
1357
1220
1420
1257
1225
1202
1404
1170
1213
1201
1287
1193
1296
1371
1303
1398
1171
1412
1189
1325
1264
1169
1243
1263
1233
1262
1098
1284
1054
1109
1220
1172
1261
1288
1137
1291
1239
1204
1098
1257
1214
1172
1076
1171
1191
1100
1159
1048
1053
1062
1174
1181
1213
1033
1054
1288
1155
1182
1058
1124
1082
1127
1010
1228
1071
1103
1111
1004
1151
997
1061
1031
1108
1041
979
1018
1118
964
1055
1126
960
1140
926
980
906
941
1142
1005
1016
970
1098
916
1078
913
983
982
1089
1177
918
953
799
959
1014
903
883
959
839
953
987
855
910
862
888
837
929
732
794
802
760
795
850
876
783
801
788
857
902
928
820
820
884
743
739
811
867
746
915
817
750
796
788
904
810
826
908
622
861
739
770
674
692
814
714
693
844
800
791
665
625
741
832
694
686
634
726
614
796
612
677
864
727
644
816
636
677
677
658
643
686
556
540
641
639
725
710
629
573
726
629
761
555
584
645
683
583
530
543
690
628
725
549
567
540
539
563
502
434
612
702
708
591
668
694
537
484
597
492
468
554
639
545
496
525
540
578
509
495
467
426
417
464
486
511
521
411
470
410
499
483
361
408
533
546
521
625
554
442
523
427
390
383
384
366
418
453
269
391
434
505
357
301
311
343
324
444
401
431
435
346
421
303
398
456
321
328
389
245
390
476
417
501
445
522
400
396
312
437
536
395
326
318
605
312
359
392
367
333
261
349
322
381
261
243
406
322
307
345
277
392
403
313
395
260
239
281
363
239
367
338
318
202
225
367
274
382
266
323
475
369
309
340
239
310
368
309
397
357
248
488
391
291
168
395
307
220
325
278
379
299
371
276
308
222
162
405
385
376
227
413
389
322
231
191
229
267
286
238
301
255
351
340
275
280
301
296
183
239
335
361
254
213
305
354
236
255
310
346
194
275
273
254
229
332
242
302
194
267
231
280
320
207
314
314
368
378
224
354
249
238
193
334
196
228
246
280
337
230
200
190
216
280
219
306
234
295
191
180
262
179
181
334
335
335
304
227
166
153
278
325
175
239
300
267
218
213
230
218
304
153
176
248
259
209
263
238
250
280
332
403
254
242
236
234
314
244
281
315
200
244
392
178
300
141
208
208
490
212
347
240
274
322
325
382
358
245
286
306
329
277
358
445
248
265
256
309
271
328
319
293
226
387
188
273
327
251
301
302
281
262
247
221
379
304
201
283
477
242
259
353
406
246
353
290
363
254
316
261
218
288
288
192
284
274
310
323
529
506
240
319
223
240
341
258
375
456
264
246
273
362
363
387
284
316
322
323
287
481
319
365
234
246
313
392
183
239
207
379
338
422
403
272
354
382
382
301
232
335
314
321
227
406
342
392
377
486
385
332
555
350
271
441
398
449
417
376
457
429
445
456
562
351
440
465
375
380
386
311
350
417
396
452
474
472
312
481
542
514
525
590
367
501
297
469
525
478
441
502
463
293
558
552
444
524
573
594
390
496
425
379
468
613
459
441
509
506
438
382
403
527
579
536
482
536
296
481
492
638
513
479
578
563
400
589
537
547
526
583
689
564
467
594
671
719
567
537
584
581
562
490
748
470
648
607
633
703
531
569
518
569
767
721
558
628
633
720
660
682
688
692
713
757
735
693
614
700
720
676
784
758
924
742
850
733
697
633
778
653
692
775
798
933
766
848
729
746
755
666
995
841
879
656
856
801
887
862
815
762
846
632
769
1040
689
680
690
1028
885
998
826
728
848
973
846
1067
911
1076
919
834
922
980
900
907
881
879
781
976
935
1060
1056
883
854
970
1069
890
824
1071
1118
952
963
1095
1058
878
917
1160
980
1104
1125
1178
1284
937
1098
991
832
1075
994
1149
1015
1197
1196
1122
1073
1331
1116
1134
1100
957
1044
1006
1105
1157
1112
1254
1141
1062
1237
1028
1207
1037
1108
1227
1166
1059
1383
1355
1194
1115
1203
1051
1119
1300
1059
1136
1332
1377
1196
1283
1271
1324
1488
1230
1404
1286
1209
1301
1217
1377
1201
1247
1522
1288
1326
1400
1415
1265
1446
1379
1345
1420
1258
1582
1306
1326
1367
1393
1467
1261
1350
1421
1358
1372
1401
1469
1488
1537
1514
1280
1556
1463
1533
1313
1341
1527
1640
1489
1346
1495
1478
1372
1509
1496
1352
1605
1636
1644
1501
1608
1683
1554
1622
1562
1466
1455
1561
1702
1615
1768
1755
1827
1838
1734
1509
1703
1613
1659
1594
1624
1763
1636
1730
1750
1722
1762
1583
1775
1693
1626
1947
1762
1532
1730
1807
1517
1770
1684
1802
1739
1828
1796
1673
1616
1719
1881
1691
1826
1688
1746
1745
1702
1729
1798
1632
1709
1837
1917
1892
1769
1799
1752
1862
1863
1785
1986
1940
1785
1761
1775
1896
1797
1999
1993
1819
1658
1829
1975
1821
1949
1821
2066
1947
1916
1980
1790
1837
1788
2027
1916
1938
2069
1773
1837
2066
1928
1819
1707
1972
1967
1866
1931
1935
1925
1818
2024
1979
2017
2075
2024
1939
2191
2139
1794
1964
1925
1849
2094
1984
2079
2043
2161
2089
2102
1908
2068
1988
2147
2087
1965
1957
2133
1959
2081
1965
2147
2134
2118
2145
1942
2376
2200
2140
1967
1961
2181
2144
2017
2024
2020
2135
1922
2008
1979
2024
2157
2024
2152
2012
1998
2151
2206
2190
2092
2224
2176
2026
2143
2263
2113
2200
2260
2157
2118
2440
2268
2180
2161
2200
2458
2147
2121
2053
2152
2235
2314
2322
2275
2308
2194
2315
2254
2214
2263
2160
2141
2213
2282
2223
2284
2264
2279
2100
2317
2110
2129
2018
2062
2391
2246
2237
2150
2180
2226
2282
2232
2216
2178
2476
2292
2259
2502
2111
2161
2120
2265
2353
2328
2342
2136
2432
2124
2114
2180
2390
2342
2095
2161
2424
2287
2217
2336
2149
2267
2202
2073
2330
2283
2184
2391
2199
2268
2172
2249
2427
2305
2255
2335
2255
2423
2201
2319
2326
2291
2240
2174
2148
2134
2349
2209
2426
2289
2345
2442
2164
2456
2186
2246
2362
2449
2002
2257
2410
2290
2359
2127
2251
2304
2264
2325
2263
2251
2148
2259
2142
2158
2229
2300
2163
2241
2044
2299
2332
2392
2350
2388
2067
2342
2250
2357
2299
2351
2084
2175
2235
2438
2340
2127
2217
2266
2308
2235
2135
2153
2206
2290
2284
2273
2244
2178
2316
2311
2310
2236
2364
2275
2044
2349
2242
2511
2280
2348
2143
2399
2045
2322
2416
2356
2184
2380
2475
2347
2210
2315
2064
2203
2141
2187
2160
2056
1999
2201
2244
2321
2347
2181
2168
2225
2092
2185
2038
2259
2249
2048
2015
2149
2128
2166
2048
2228
2089
2210
2209
2148
2275
2140
2214
2257
2456
2134
2170
2182
2116
2037
2016
2147
2088
2203
2133
2142
2139
2140
2126
2202
2101
2124
2049
2180
2300
2172
2013
2109
2314
2285
2162
2127
2093
1917
2140
2164
2107
2364
1992
2095
2070
2170
2106
2197
2073
2115
1970
1942
2115
2118
2025
2142
2004
1948
1838
2061
2251
2102
1960
1847
2079
1948
1996
2014
2052
2115
1945
2169
1953
1788
1989
1874
2070
2076
1973
1723
1948
1932
1881
1954
1954
1914
1981
1967
2053
2111
2024
2041
1738
2166
1868
2019
1986
1870
1816
1934
1841
1944
1841
1812
1876
2184
2018
1948
1866
1863
1970
1768
1869
1874
1715
1985
1868
1875
1986
1850
1848
1852
2068
1832
1803
1831
1907
1818
1716
1722
1762
1686
1772
1959
1873
1864
1736
1865
1929
1673
1772
1798
1811
1807
1603
1921
1852
1858
1776
1670
1748
1909
1767
1620
1644
1584
1647
1828
1557
1761
1636
1599
1720
1573
1629
1652
1616
1671
1788
1649
1626
1669
1621
1618
1684
1549
1508
1584
1521
1500
1635
1483
1381
1699
1515
1461
1611
1724
1765
1487
1673
1549
1726
1608
1519
1487
1621
1422
1475
1574
1689
1671
1365
1342
1531
1514
1478
1541
1459
1414
1599
1281
1440
1252
1335
1454
1386
1454
1365
1432
1311
1285
1447
1282
1318
1138
1242
1337
1374
1242
1506
1550
1362
1315
1417
1358
1393
1265
1352
1406
1356
1388
1298
1235
1354
1292
1157
1211
1347
1235
1237
1121
1301
1109
1248
1211
1035
1060
1208
1245
1071
1175
1081
1245
1270
1099
1338
1291
1136
1149
1120
1022
1237
945
1349
1039
1071
1055
1040
1104
1186
1022
954
1005
1137
1085
1029
1111
1006
1062
1009
1041
969
905
1007
1087
1008
918
1099
1011
1115
1046
1149
1099
950
1075
986
1021
1093
965
897
881
913
833
986
954
773
1029
1151
836
1024
908
920
1065
909
930
893
905
812
896
944
833
882
979
774
1043
1018
931
794
1048
761
709
891
683
800
956
810
799
914
931
872
647
776
563
726
759
803
908
748
923
940
794
762
728
579
745
627
898
814
680
627
763
855
707
718
643
692
560
464
567
642
661
785
613
515
691
474
738
664
542
814
699
685
582
801
863
600
503
436
608
527
680
580
660
681
513
530
626
560
640
536
553
636
606
555
504
635
577
515
824
593
660
533
584
569
514
473
627
605
504
531
429
315
581
496
497
581
398
419
538
583
676
617
451
416
586
355
681
562
555
547
528
413
396
616
674
393
507
330
398
338
239
394
474
366
537
613
563
509
512
315
482
389
390
387
392
320
498
379
408
467
487
470
494
427
431
592
368
319
447
339
438
406
310
439
274
383
354
444
440
509
501
292
346
306
335
395
391
388
289
359
394
457
364
301
363
389
462
296
393
166
397
266
321
283
311
379
409
349
331
328
341
212
284
420
449
393
372
243
291
299
307
351
331
410
211
468
394
355
332
302
282
307
284
230
445
353
228
431
400
259
325
370
263
343
280
321
330
320
253
332
467
201
384
289
297
197
512
373
318
226
197
225
313
257
228
331
295
336
292
235
240
350
314
338
283
318
465
250
426
276
310
270
270
386
199
289
215
305
277
243
502
568
150
241
395
316
160
252
373
279
173
285
441
269
222
271
315
334
319
358
347
412
384
647
907
370
541
860
766
471
538
568
1024
677
552
748
785
540
443
553
391
796
525
815
773
629
567
892
1068
694
851
703
879
545
584
563
529
559
641
672
594
545
551
498
669
942
521
774
470
628
677
639
793
732
1006
784
702
747
829
680
970
714
851
503
677
379
638
567
492
696
1068
718
567
573
448
641
639
1261
702
423
759
791
605
460
873
905
706
745
669
794
841
544
681
1019
735
584
708
748
958
955
633
821
1088
763
1142
650
913
1315
807
786
859
868
976
1141
946
553
917
648
516
820
1083
958
717
839
889
1088
740
815
701
775
893
867
906
863
978
805
1123
901
910
983
1442
598
946
1058
717
724
1012
893
1047
824
811
1012
848
711
887
1077
668
844
890
968
1235
925
1069
976
1042
1013
881
1239
924
960
977
1352
1324
928
1372
1418
936
1267
929
955
1341
1178
1316
1229
1055
1195
1302
1149
1217
1151
988
1303
1159
1266
1169
1252
1115
1127
1382
1282
1293
954
1160
1316
1239
1608
1195
916
1250
1390
1304
1345
1360
1154
1399
968
1247
1175
1555
933
1334
1286
1595
1938
1234
1227
1122
1510
1322
1401
1486
1282
1556
1239
1503
1440
1155
1316
1825
1438
1618
1731
1411
1378
1755
1762
1524
1809
1308
1680
1404
1677
1546
1433
1547
1542
1501
1896
1316
1603
1963
1328
1430
1967
1325
1820
1601
1739
1882
1766
1640
1855
1719
2075
2246
1771
1504
2095
2047
1713
1670
1993
2032
1804
1976
2094
2173
1660
1713
1915
1793
1932
1855
2025
2220
1873
1902
1844
1916
1961
2154
1985
1972
1992
2277
1673
1916
1785
2767
1749
2281
2160
1994
2021
2012
2264
2326
2143
2182
2487
1943
2274
2198
2374
2083
3140
2518
2212
2225
2040
1996
2339
2208
2535
2022
2502
2538
2309
2417
2592
2271
2264
2464
2459
1940
2459
2739
2257
2150
2570
2630
2552
2547
2687
2562
2659
2428
2861
2344
2135
2620
2713
3105
2359
2710
2518
2719
2584
2037
2996
2708
2647
2638
2580
2890
2823
2734
2683
2828
2555
2935
3030
3068
2547
3212
2753
2989
2813
2643
2718
3045
3182
3246
2932
3075
2885
2761
3563
2712
2967
3088
2819
2950
3378
2786
3730
3091
2848
3478
3463
3494
2956
3124
3151
2909
2888
3148
3349
3253
2854
3245
3128
3288
3576
2903
3202
3189
2907
2905
2934
3272
2978
3305
3678
3506
3420
3135
3504
3350
3193
3326
3092
3148
2952
3288
3239
3608
3502
3145
3426
3914
3575
3653
4118
3811
3829
4387
3394
3387
3643
3378
3880
3519
3679
3415
3651
3760
3985
3668
3437
3468
3646
3583
3725
3546
3844
4076
3764
3880
3265
3454
3821
3897
3780
3681
3551
3599
3964
3808
3930
3825
4026
3861
3859
4125
3972
4109
4448
4167
4003
3822
4210
3904
3922
3636
4026
3746
3733
3573
4329
4205
3943
4119
4140
3979
3876
3958
4135
4036
3968
4446
4600
4060
4171
3789
4174
4131
4005
4200
4276
3984
4215
3930
4432
4252
3906
4381
3775
4504
4315
4373
4126
3993
4483
4249
4004
4331
4027
4231
4047
4203
4331
4276
4156
4371
4191
4402
4364
4221
4992
4493
4360
4286
4682
4533
4200
4773
4063
3991
4842
4608
4500
4540
4474
4743
4282
4355
4304
4581
3900
4567
4199
4080
4396
4566
4207
4364
4671
4684
4805
4837
4922
4636
4783
4301
4747
4520
4499
4840
4303
4575
4361
4424
4645
4485
4589
4808
4513
4070
4759
4787
4604
4213
4478
4408
4688
4685
4630
4567
4777
4381
4368
4748
4318
4577
4876
4621
4596
4849
4494
4860
4484
4589
4680
4868
4621
4600
4669
4514
4564
4574
4537
4890
4526
4594
4639
4646
4398
4482
4485
4359
4760
5015
4321
4980
4615
4465
4901
4569
4470
4789
5026
4675
4930
4460
5050
4780
4650
4567
4511
4794
4673
4721
4381
5019
4911
5154
4666
4480
4915
5093
4953
4925
4197
5157
4838
5043
4754
4793
4752
4890
4687
5074
5017
5002
4878
4769
4954
5151
4996
4885
4742
5237
5007
4825
4781
4759
4628
4806
4995
4885
4962
5390
4803
5001
4960
4816
5319
4938
4434
4714
5043
4822
4535
5060
4941
4766
4736
4635
5010
4884
4539
5017
5043
5133
4613
5032
5310
4848
4827
5024
4393
4610
4435
4740
4743
4791
5035
5044
4707
4623
4938
4942
4847
4962
4731
4890
4856
4587
5210
4495
4702
4714
4480
4640
4796
4611
4708
4858
4867
4925
4419
4399
4851
4568
4814
4880
4881
5049
5180
4656
4840
4568
4778
4424
4482
4875
5054
4816
4713
4393
4522
4604
4757
4642
5043
4741
4539
4769
4790
4907
4938
4635
4859
4672
4669
4879
4343
5057
4445
4514
5005
4535
4920
4440
5009
4745
4415
4779
4337
4420
5020
4707
4466
4375
4568
4659
4925
4766
4419
4668
4085
4468
4281
4551
4266
4648
4641
4482
4547
4370
4557
4509
4416
4408
4280
4323
4530
4165
4622
4167
4469
4364
4349
4265
4543
3997
4588
4571
4786
4772
3833
4548
4076
4532
4727
4292
4388
4900
4371
4536
4367
4249
4179
3954
4273
4058
4051
4071
4215
4049
4391
4335
4260
3790
4102
4321
4079
4206
4493
4213
3841
4212
3831
3543
4190
4603
4127
4156
4230
4045
4669
3924
4241
4107
4095
4308
4353
3477
3815
4094
3770
4254
3594
4223
4078
4014
4325
4139
4035
4279
4284
3959
3726
3842
3889
4178
3627
3875
3691
3887
3724
3981
3817
4153
3782
3539
3844
3531
3726
4122
3860
4340
3756
3414
4101
3874
3337
3803
3636
3738
3433
3532
3328
3416
4009
3662
3771
3813
3583
3148
3611
3393
4162
3768
3687
3414
3136
3538
3479
3854
3594
3464
3506
3711
3881
3475
3327
3553
2879
4146
3512
3664
3382
3125
3337
3452
3410
3619
3066
3145
3618
3325
3155
3316
3307
3464
3238
3521
3516
3302
3159
2993
3909
2910
3368
3120
3258
3312
3501
3029
2939
2985
3098
2726
2915
2986
3023
2926
3026
3051
3260
2867
2836
2975
2690
2981
3116
3215
2866
2668
3606
3113
2576
2939
2740
2629
2939
3096
2634
2461
3074
3056
2664
2828
2653
2480
2562
2852
2964
2929
2945
2412
2467
2557
2890
2723
2521
2680
2808
3085
2725
2840
2679
2361
2381
2652
2754
2513
2177
2671
2850
2707
2656
2319
2724
2285
2349
2589
2197
2297
2344
2576
2394
2655
2489
2188
2646
2580
2322
2656
2341
2302
2243
2700
2316
2184
1987
2391
2238
2206
2212
2135
2348
2101
2346
2294
2121
2198
1996
2176
2385
1926
1969
2128
2081
1856
1656
2065
2011
1967
2100
2163
1723
2040
1715
1873
2030
2010
1747
1720
1933
1603
1748
1676
1543
2235
1859
1838
1915
2045
2039
1961
2056
1584
1740
1793
1399
1617
2436
1462
1865
1444
1786
1637
1639
1612
1412
1809
1937
1479
1443
1584
1693
1907
1557
1701
1697
1568
1446
1423
1504
1589
1718
1374
1772
1671
1301
1926
1506
1487
1696
1696
1478
1746
1476
1403
1599
1422
1354
1416
1437
1170
1340
1772
1351
1205
1271
1051
1408
1522
1472
1279
1180
1504
1296
1207
1268
1231
1339
1635
1252
1573
1235
1516
1126
1146
1030
1219
1252
967
947
1189
890
1205
1177
1058
1078
1198
1323
1050
1030
1450
1101
1635
1375
938
1244
1358
1304
1109
1147
1397
885
1157
1533
1144
1150
889
981
896
903
1203
1135
1202
1126
941
853
925
624
1042
658
1031
750
830
876
1122
1114
981
937
689
702
1077
672
744
1098
999
793
911
962
1044
955
566
883
562
824
781
784
671
907
1138
1078
673
1220
790
570
816
636
553
1142
881
509
881
927
782
846
685
827
793
792
837
752
1085
925
846
972
996
886
768
760
1099
873
911
465
807
777
1014
701
517
602
481
692
821
762
416
766
561
815
772
708
773
794
430
687
961
501
478
1206
615
604
1112
572
499
544
781
668
940
896
436
480
781
702
841
519
520
539
524
724
908
749
1052
609
814
576
565
637
926
495
837
572
259
424
755
615
676
536
751
216
539
611
499
591
547
1155
721
854
744
656
959
820
665
578
582
542
737
695
459
543
561
511
818
503
796
571
594
731
719
481
794
877
795
575
620
600
567
522
534
584
658
767
696
632
777
683
298
769
516
795
370
885
740
357
848
646
524
659
549
1075
444
710
458
735
610
611
873
726
976
319
492
557
792
536
811
837
517
677
640
651
810
502
295
697
325
473
815
563
893
603
534
796
733
581
456
556
988
772
915
807
822
719
553
789
410
642
904
578
655
496
651
470
655
617
988
655
780
584
864
685
970
531
572
641
630
855
764
419
1156
665
732
715
823
636
703
872
644
1140
790
606
462
727
639
684
854
716
915
851
920
843
746
818
598
958
801
719
510
871
1355
1078
1248
568
1314
594
688
779
1031
1106
1134
926
941
1309
646
891
1046
735
1013
790
844
1265
832
886
1255
1063
1017
662
1193
984
773
1470
877
1043
744
907
983
935
982
963
903
1131
797
972
792
682
1014
774
845
785
1356
1100
1012
1007
1313
874
1566
877
1373
1213
1082
915
1033
1166
1082
1042
914
1481
1010
1252
993
1297
980
1258
1248
842
1303
982
1009
1480
1249
1117
880
929
1135
853
1394
1085
1344
1176
1428
1084
1229
1701
1302
1031
1168
1326
990
1062
1034
1178
1070
1122
1343
1159
1501
1549
1452
1037
1335
1331
1222
1561
1374
1700
1197
1392
1455
1320
1351
1290
1245
1118
1234
1436
1526
1071
1213
1440
1428
1117
1694
1437
1809
1616
1503
1612
1542
1274
1541
1385
1399
1784
1638
1370
1651
1132
1478
1667
1808
1472
1757
1711
1288
1519
1967
1483
1613
2043
1484
1505
1837
1569
1621
1958
2100
1715
1971
1988
1852
1918
1743
1837
1845
1887
1823
1821
1767
1805
2044
2190
1998
1836
2095
2383
1771
2352
2089
2416
1845
1999
2271
1987
1841
2031
1918
2145
1934
2100
1923
2302
2124
2209
2171
2187
2045
1987
2171
1950
2163
2337
2068
2417
2320
1957
2058
2141
2434
2290
2279
2041
2568
2047
2404
2361
2090
2327
2611
2277
2320
2231
2054
2775
2545
2797
2327
2559
2313
2620
2293
2363
2402
3162
2688
2430
2843
2602
2463
2577
2565
2460
2648
2917
2881
2580
2382
2454
2634
2183
2868
2915
2419
2699
2866
2571
2558
2874
2825
3121
2759
2972
2589
2898
3269
2631
3334
3013
3101
2980
2391
2971
2697
3061
2684
2817
2649
3367
2944
3171
2908
3216
3257
3052
3356
3125
3234
2881
3268
3335
3142
3754
2759
3090
3031
3369
3067
3406
3159
3325
3289
3061
3469
3694
2873
3510
3162
3392
3050
3419
3309
3480
3172
3065
3263
3372
3403
3518
3479
3895
3287
3510
3519
2973
3615
3564
3503
3340
3382
3219
3427
3750
3251
3360
3286
3403
3384
3653
3900
3454
3553
3538
4147
3675
3736
3870
3532
3690
3766
3761
3640
3972
3201
3729
3534
3936
3552
3790
3404
3484
3920
4024
4064
3764
3689
3706
3664
4261
3636
3986
3797
3625
3837
3448
3800
3751
3625
4108
4028
3864
3639
3853
3914
3783
4044
4245
4119
4119
4205
4014
4092
3731
4326
3666
3821
4261
3947
4061
4065
4393
4033
3950
3625
4510
4396
4468
4039
4126
4079
4163
4207
4555
4241
4219
4467
4094
4644
4288
4145
4030
4233
4798
4027
4197
4715
4164
4188
4299
4774
4783
4207
4409
4440
4298
4527
4246
4393
4079
4269
4451
4468
4922
4077
4095
4383
4348
4342
4405
4251
4719
4410
4292
4655
4537
4708
4640
4285
4150
4551
4190
4339
4140
4967
4206
4087
4743
4681
4688
4462
4191
4674
4511
4610
4734
4632
4676
4892
4426
4876
4808
4306
4484
4820
4580
4732
5028
4773
4656
4495
4902
4844
4958
4634
4919
4803
5090
4669
4574
4656
4866
4532
4570
4890
4902
4906
4798
4164
4650
4940
4769
4282
5134
5026
4741
4976
4820
4460
4680
4883
4913
4469
4595
4484
4846
4882
4887
4601
4972
4897
4884
4842
4768
5130
4633
5270
4524
4451
4580
4464
4861
4754
4422
4932
4622
4952
4629
4958
5063
5017
4908
5467
4837
4983
5272
5133
5173
5049
4893
5287
5144
4689
4647
5025
4994
5012
5027
5125
4989
4994
5198
5130
4971
4949
5064
5060
5185
4813
4885
4755
4882
5244
4953
5136
4908
4766
5159
5018
4638
5060
4736
5005
4959
5024
5296
5016
4571
4931
4869
4936
5138
4530
5173
4865
5126
5102
4805
5075
4821
4759
5243
4775
4808
4959
4903
4891
4763
4922
5249
5070
5120
4783
4920
5092
4496
4964
4917
5024
5286
5131
4756
4879
5320
5421
5071
4651
4892
4893
5199
4778
5043
5041
5260
4782
4912
5542
4854
4676
4895
4642
4785
4849
4915
4687
4696
5094
4762
4775
4965
5092
4693
4968
4702
4633
4932
5236
4782
5283
4590
4659
5407
4644
4850
4719
4959
4637
4631
5128
4808
4764
4242
4639
4345
4467
5146
5008
4893
4602
4351
4547
4481
4745
4495
4547
4682
4635
4885
4424
4710
5035
4904
4471
4881
4717
5100
5164
4626
4735
4542
4926
4446
4611
4558
4835
4408
4416
4360
4523
5122
4791
4392
4834
5256
4380
4506
4610
4600
4494
4475
4361
4620
4591
4274
4016
4581
4460
4700
4644
4937
4157
4375
4822
4260
4626
4323
4356
4600
4447
4232
4947
4205
4744
4602
4245
4601
4368
4366
4346
4313
4682
4815
4532
4031
4957
4147
4296
3984
4351
4553
4654
4711
4091
4710
4419
4826
4157
4519
4323
4024
4126
4341
4264
4211
4136
3968
4021
3858
4233
4296
3994
4493
4159
3759
4089
3715
4259
4015
4191
4020
3880
4236
4442
4084
4415
4120
4411
4416
4166
3897
3846
4328
3651
4009
4213
4103
4209
3749
3958
3958
4517
3694
4227
4134
3926
3887
4050
3835
3968
3540
4024
3833
3781
3780
4027
3871
3885
3765
3662
3671
3508
3635
4072
3566
3730
3874
3726
3677
3655
3490
3286
3614
3654
3398
3616
3382
3545
3810
3469
3366
3721
3375
3327
3538
3434
3481
3136
3822
3795
3454
3493
3008
3657
3271
3787
3450
4057
3298
3271
3339
3250
3032
3555
3345
3644
3254
3233
3478
3012
3417
3149
3511
3624
3173
2840
3642
2988
2838
3349
3386
3683
3042
3142
3011
3013
2803
3297
2846
2849
3075
3115
3000
3082
3201
2989
3122
3229
3011
2759
3118
2952
2802
3323
2879
2945
2938
3042
3312
3163
2734
2604
2943
2880
2616
2771
2785
2668
2902
3463
2977
2878
2718
2576
2526
3267
2316
2938
2765
2688
2796
2514
2855
2948
2765
2655
3078
2262
2359
2599
2423
2381
2557
2641
2883
2628
2275
2316
2344
2216
2956
2494
2336
2196
2718
2614
2599
2637
2529
2215
2244
2240
2911
2225
2090
2021
2453
2293
1714
2247
1878
2650
2090
2302
2106
2614
1935
2364
2175
2080
2073
2096
2024
2631
2133
2519
2238
2018
2433
2176
2541
1949
2159
1969
1964
1803
2271
1925
2086
1890
2017
1814
2312
1857
2226
1734
2204
1761
1620
1560
1805
2295
1728
2093
1780
1813
2128
1670
1614
1800
1775
2060
1673
1764
1823
1759
1890
1468
1874
1492
1767
2023
1477
1815
1854
1553
1626
1541
1860
1633
1376
1427
1722
1216
1644
1430
1335
1497
1749
1932
1435
1530
1369
1653
1267
1352
1572
1582
1233
1358
1303
1389
1420
1443
1280
1596
1269
1314
1494
1438
1362
1783
1321
1463
1505
1168
1301
1263
900
1305
1697
948
1610
1232
1220
1223
871
2151
1395
1159
1339
1393
1034
1154
1028
1186
1768
1128
1439
1189
1782
1340
1324
1210
1141
1272
915
896
1670
1172
1141
985
1310
867
1225
1010
1311
940
1198
1039
1087
1071
806
974
795
1001
1096
1316
907
917
932
760
1267
1075
823
984
1517
1023
992
955
1036
891
1159
1065
685
989
740
864
965
984
795
796
898
966
1027
1215
649
901
1034
942
751
1185
783
1028
655
1141
668
865
837
841
885
730
873
983
615
893
980
676
875
897
1013
825
697
861
667
715
1062
696
1126
691
501
765
938
877
711
720
840
768
645
793
831
653
755
964
633
603
732
635
794
579
697
679
933
638
639
689
558
541
576
993
922
759
605
597
596
693
631
592
556
681
808
797
840
446
917
484
605
849
817
577
748
808
569
594
797
602
441
746
456
609
536
916
600
698
701
496
655
773
649
465
652
883
511
595
683
771
622
499
446
612
658
1097
441
594
456
716
849
797
875
579
539
671
759
792
861
472
667
1045
455
808
652
455
1052
657
591
790
676
376
575
573
484
565
650
798
520
410
491
548
524
678
430
990
539
541
574
947
688
856
763
374
432
687
477
769
828
472
878
802
674
667
930
289
442
1120
670
928
607
1155
355
577
874
869
646
504
413
646
539
535
662
567
547
517
904
802
498
854
737
885
686
568
561
796
789
402
563
620
731
461
599
941
487
486
578
975
859
710
591
548
505
750
591
806
971
487
710
778
489
855
714
816
608
924
616
697
892
704
746
994
431
868
521
667
452
501
654
833
1004
780
1264
621
911
688
756
759
746
616
644
958
1091
594
800
569
996
1478
674
836
621
939
641
668
1113
1068
748
1347
710
662
889
685
665
1424
727
894
596
667
669
682
934
680
763
840
1013
656
901
760
754
1055
1004
965
844
1067
822
799
926
757
897
750
821
881
988
1166
817
915
1159
895
1035
1079
1058
1044
1053
1197
934
930
1022
1136
1000
929
1130
882
981
1223
1112
1291
971
1197
877
975
946
848
1396
1547
1371
1130
1357
1122
1160
1096
1134
1142
1458
1040
1308
1233
1252
1188
1063
1213
1262
1125
1239
1424
1932
1095
1344
1286
1170
1528
1211
1446
1413
1203
1327
1786
1461
1250
1392
1580
1374
1589
1423
1772
1516
1657
1670
1348
943
1258
1373
1602
1971
1299
1630
1466
1438
1688
1434
1427
1297
1645
1525
1399
1509
1278
1663
1795
1739
1496
1460
1665
1763
1495
1803
1547
1603
2169
1800
1689
1653
1805
1391
1743
1804
1824
1686
2122
1570
1775
2075
1969
2300
1659
1958
1619
2051
1876
1982
1768
1775
2242
2095
1949
1701
1771
2008
2265
2211
2071
1791
1928
2309
1887
1693
1752
2004
1786
2077
2436
1878
2401
2206
2052
1993
1964
2129
2455
2424
2066
2503
2231
2551
2323
1950
1967
2131
1856
1982
2269
2037
2345
2179
2485
2299
2119
2601
2448
2427
2046
2296
2628
2386
2314
2832
2395
2256
2644
2703
2193
2485
2132
2342
2339
2190
2441
2612
2166
2481
3090
2743
2720
2507
2643
2492
2600
2681
2459
2977
2526
2349
2502
2573
3006
2625
3080
2983
2984
2528
2605
2695
2465
2382
3122
3145
2810
2749
2915
3207
2947
2700
3018
3490
3293
2587
3082
2615
3006
2851
2798
3010
2977
2933
3114
3122
3261
2846
3188
3243
3070
2979
2935
3013
2898
3077
3362
3359
3167
2928
2955
3232
3010
3510
3408
3327
3290
3183
3131
3476
3611
3321
3315
3079
3439
3304
3274
3035
3350
3570
3340
3809
3504
3756
3551
3402
3539
3480
3713
3572
3696
3381
3499
3550
3152
3509
3596
3554
3754
3511
3582
3299
3677
3451
3455
3347
3698
3325
3345
3944
3661
3764
3632
3964
3834
3364
3757
3424
3642
3773
3695
3803
3506
3936
3454
3562
3237
3777
3746
3613
3924
3705
3917
3849
3947
3993
3710
3767
3933
4126
3704
3549
4080
4046
3696
3880
3867
4131
3662
3935
4631
4205
4005
3989
3766
4008
3740
4020
3607
3951
3848
3953
3810
4085
3708
3857
4386
4195
4030
4468
4144
3690
3967
4243
4350
4684
4682
4038
4015
4135
4403
4579
3932
4427
4728
4734
4238
4455
4307
4063
4161
4023
4211
4422
4347
3853
4121
4455
4423
4125
4727
4408
3838
4315
4350
4499
4045
4795
4680
4156
4419
4518
4363
4555
4338
4699
4161
4452
4567
4678
4678
4615
4877
4347
4263
4216
4367
4278
4228
4645
4754
4782
4908
4967
4448
4490
4172
4627
4761
4756
4636
4820
4690
4553
4566
4397
4573
4253
5304
4581
4682
4472
4737
4637
4597
4832
4771
4606
4295
5029
4432
4538
4563
4687
4937
4758
4730
4701
4782
4863
4889
4767
4266
4927
4872
4643
4847
4329
4828
4676
4593
4603
4365
4854
4918
4794
4920
4939
4792
4466
4727
5263
5021
4469
4638
4776
4875
4784
4464
4658
5032
5370
4959
4554
4806
4700
4715
4451
4631
4649
4646
4715
4826
5236
4591
5179
5146
4984
4373
4938
4423
4961
4544
4753
4988
5241
4426
4197
4859
4936
4717
4771
4889
4412
4887
4718
4721
4647
4814
4718
4970
5266
5308
4998
4560
5237
5118
4898
4869
4763
4449
5169
4851
4999
4656
4633
4842
4762
4756
4874
4639
4729
4609
5028
4714
5157
4938
4943
4898
4899
5034
4821
5048
4900
4997
5080
4778
4763
5281
5163
4904
4878
4685
4672
5040
4953
4747
4531
5044
4616
4900
4686
4880
4852
4576
4727
5010
5009
4646
4830
4902
4848
4850
4931
4527
4793
5010
4925
4605
5120
4836
4578
4452
4872
4596
4447
4639
4856
4771
4893
4948
4573
5070
4621
4579
4473
4563
4656
4359
5021
4509
4716
4306
4608
4383
4683
4744
4612
4454
4408
4286
4240
4179
5166
4696
4354
4532
4816
4455
4431
4705
4783
4340
4636
4809
4521
4549
4306
4657
4701
4536
4559
4476
4455
4703
5034
4656
4901
4591
4527
4121
4187
4059
4754
4532
4323
4531
4607
4895
4173
4448
4658
4238
4878
4513
4724
4460
4853
4647
4380
4023
4572
4190
4934
4388
4529
4562
4615
4435
4387
4149
4372
4339
4145
4151
4228
4119
4835
4365
4163
3794
4230
4298
4498
4367
4125
4277
4586
4490
4536
4292
4425
4446
4311
3910
4158
4111
4040
4123
4514
3589
3944
4038
3811
4158
3948
4173
4013
4028
3891
4247
4417
4150
4254
4515
3987
4158
3964
4275
3818
3900
3908
3843
4139
4329
4135
4083
4018
3856
3865
4074
4416
3914
3497
3943
3662
4047
4127
3626
3556
3641
3887
3510
4280
3561
3716
3631
3840
4321
4189
4149
3948
3955
3813
3698
3676
3773
3542
3936
3452
3744
3991
3193
3588
3635
3438
3524
3568
3515
3604
3697
3618
3762
4000
3779
3631
3730
3893
3612
3360
3626
3149
3312
3596
3318
3524
3328
3137
3607
3501
3495
3321
3291
3378
3284
3280
3601
3564
3377
3284
3373
3292
2841
3252
3044
3624
3493
3338
3218
3220
2789
3003
3012
3209
3130
3271
3181
2908
2997
3347
3137
3149
3084
3235
2931
3241
2943
3319
3155
2875
3102
3084
3136
2855
3503
2680
3078
3193
3185
2994
2715
3284
2857
2745
3034
2639
2909
2739
2813
2962
2869
3067
2693
2972
2949
2969
2670
2941
2874
2648
2546
2989
2945
2575
2342
2638
2365
2502
2433
2814
2528
2411
2699
2291
2646
2392
2522
2370
2923
2650
2665
2680
2556
2453
2057
2175
2628
2631
2436
2818
2158
2189
2408
2440
2177
2487
2345
2365
2393
2501
2188
2462
2413
2167
2367
2121
2562
2021
2302
2191
1992
2751
2207
2137
2122
2009
1958
2343
1889
2274
2066
2143
1826
1936
1897
2177
2398
2082
1915
1944
2031
2192
1758
1777
1965
2252
2417
1570
1474
1736
1851
1835
1999
1748
2265
2456
2141
1833
1797
2395
2131
1895
2057
1649
1825
1753
1474
2103
1861
1765
1691
1874
1920
1539
1874
1507
1513
1932
1567
1938
1669
1933
1937
1560
1548
1600
2366
1282
1714
1547
1158
1716
1699
1548
1525
1674
1682
1527
1459
1607
1637
1758
1715
1545
1418
1284
1628
1592
1657
1327
1405
1366
1701
1343
1627
1562
1437
1266
1472
1336
1538
1333
1413
1000
1467
987
1332
1598
1245
1270
1318
1375
1535
1510
1528
1197
1655
1003
1106
1204
1236
1697
1539
1455
1115
1362
1237
1264
1032
1237
1153
936
1308
981
1358
1185
1193
764
848
1083
1173
1465
1397
1410
1156
859
728
1028
1335
1303
943
1551
885
754
1244
995
988
1239
1044
1205
747
950
853
967
780
994
819
890
845
1014
682
1183
1208
748
1118
763
939
740
1049
940
962
610
1017
691
1067
775
856
997
877
1180
755
787
788
994
795
829
761
808
1036
923
915
727
696
863
853
915
878
1034
844
553
887
568
1229
645
827
756
832
1042
640
763
507
855
915
595
1058
551
1497
567
1339
1011
752
576
656
908
512
711
837
897
910
631
699
902
1163
753
461
868
702
540
833
1033
614
555
651
571
614
558
586
787
642
535
731
604
750
538
783
815
888
688
934
596
625
493
477
592
541
575
1199
575
710
775
616
484
556
656
758
761
665
534
734
1029
551
494
378
794
618
586
584
454
520
534
812
692
573
892
492
647
677
786
619
651
741
947
578
834
646
579
580
598
506
455
815
681
497
717
404
531
742
637
636
791
523
612
636
509
651
808
641
554
857
592
545
714
722
735
692
549
1013
741
817
648
1465
976
485
738
644
767
867
646
799
986
606
859
1052
806
838
670
693
461
827
587
852
468
765
445
1162
394
496
1073
569
1101
743
681
596
366
710
926
786
870
1029
694
693
548
844
587
679
594
659
445
676
657
657
549
689
794
787
865
918
922
485
806
441
632
1191
791
777
1110
644
725
1054
711
458
857
774
740
1042
1040
812
694
792
660
1079
550
826
667
919
891
959
867
818
1085
466
1144
1203
851
786
1048
834
916
1046
484
774
937
948
757
868
977
807
886
997
828
813
980
593
737
802
1098
934
841
1081
802
1187
1316
1130
735
1049
631
1268
1034
1161
1299
703
1114
771
1241
697
869
828
1015
810
819
607
1236
1075
804
1157
812
1151
934
1119
1248
947
1124
1482
1199
990
1344
1212
840
1236
1125
1139
994
996
1269
973
1514
1223
1493
1023
1621
1393
1635
1451
1647
1576
1093
1020
954
1218
1051
1113
1066
1304
1040
1107
1080
1377
957
1326
1262
1556
1378
1261
1222
1404
1413
1405
1363
1502
1385
1559
1862
1241
1738
1328
1373
1484
1174
1227
1677
1451
1606
1563
1324
1503
957
1314
1317
1684
1484
1484
1549
1516
1619
1353
1559
1449
1717
1519
1543
1841
2200
1504
1549
1529
1836
1848
1484
1651
1893
1653
1750
1732
1465
1450
1693
1788
1664
1874
2197
1755
1563
1721
1803
1644
1657
2148
1673
1869
1599
1650
1637
2074
2041
1564
1718
2154
2316
2155
2092
2112
1813
1935
2352
2387
1976
2263
1786
1979
2305
2302
1929
2176
2131
1983
2535
2406
2201
2020
2092
2624
2165
2316
2572
2360
2033
2161
1932
2312
3026
2364
2238
2527
2771
2164
2698
2252
2222
2442
2321
2277
2423
2318
2839
2388
2797
2494
2485
2570
2555
2570
2282
2752
2510
2906
2501
3161
2200
2678
2600
2723
2499
2781
2633
2445
2636
2583
2594
3457
2488
2859
2912
2465
2657
2597
2676
2780
3208
2703
2682
3411
2973
2627
2842
3451
2816
3279
2771
2753
2627
2961
2664
3662
2914
2776
3175
2720
2886
2869
3236
3273
3090
2903
3121
3101
3336
3209
3277
3063
3441
2903
3309
2985
2937
3131
3011
3191
3492
3320
3007
3049
3439
3390
3050
3556
3087
3727
3158
3200
3242
3608
3138
3591
3800
3718
3569
3537
3593
4012
3639
3674
3404
4074
3988
3656
3252
3680
3915
3658
3175
3348
3215
3245
4017
3710
3393
3737
3597
4035
4150
3930
3391
3651
3515
3954
3668
3517
3457
3699
3515
3985
3481
3683
4211
4205
4240
4177
3975
3610
3965
4399
3928
4334
4070
3922
4427
3835
3967
4415
4382
4035
4148
3928
3706
4117
4038
4419
4516
4119
4782
4222
3999
4240
4459
4093
4080
4243
4121
4017
4437
4214
4511
4412
4226
4053
4049
4641
4112
4668
4303
4563
4282
4449
4427
4299
4266
4756
4524
4629
4493
4756
4545
4139
4789
4406
4514
4299
4491
4441
4392
4050
4551
4385
4347
4460
4155
4770
4464
4504
4532
4669
4830
4666
4713
4830
4175
4832
4326
4242
4668
4599
4487
4988
4531
5006
4808
4771
4806
4861
4670
4813
4651
4382
5014
5175
4980
4650
4819
4789
4818
4958
5008
5397
5007
4811
4818
4822
4904
4709
5046
5031
4607
5019
4946
4957
4911
5191
5182
5213
4908
5441
5301
4797
4910
5060
5190
5235
5174
4914
5117
5037
5276
4892
5053
5024
4899
5021
5362
4925
5641
5429
5391
5244
5592
5065
5494
5069
4853
5746
4792
4841
4899
4866
5106
4721
4863
4938
5154
4924
5490
5143
5087
5326
5270
5669
5109
4994
5492
5133
5038
5238
5394
5129
5352
5574
5595
5258
5362
5464
5585
4956
5740
4992
5306
5080
4955
5117
5259
5693
5519
6292
5169
5655
5401
5633
5147
5781
5490
4863
5306
5226
5171
5335
5202
5391
5023
5366
5828
5106
5375
5427
5801
5713
5646
5532
5601
5267
5242
4915
5385
5467
5873
5315
4822
5107
5219
5202
5399
5389
5479
5557
4931
5302
5637
5722
4845
5990
5349
5591
5487
5312
5585
5563
5308
6032
5197
5257
5672
5324
5642
5421
5470
5533
5508
5661
5577
5137
5446
5532
5409
5199
5087
5587
5662
5723
5294
5314
5467
5231
5368
5229
5739
5521
5432
5471
5521
6620
5076
5345
5581
5672
5390
5287
5192
4976
5058
5574
5413
5502
5101
5543
5080
5544
5282
5050
5854
5497
5413
5293
5448
5254
4949
5249
5442
5835
5190
5738
5444
5187
4928
5503
5071
5171
5602
5249
5471
5168
5411
5550
5166
5420
5329
5216
5515
5062
5244
4973
5151
5449
5770
5516
5144
5058
5260
5374
5254
5230
5417
5085
5319
5469
5282
5044
5108
5380
5395
5311
5231
5209
5239
4976
4916
5401
5018
5396
5009
5193
5036
5398
5279
5285
5053
5135
5198
4870
5401
4972
4865
5205
5751
5647
5620
5001
5017
5128
4780
4889
5024
4827
5422
5138
5158
5520
4974
5047
4961
4995
5300
5281
5139
4907
5427
5196
4602
5036
4974
5077
5190
4545
4462
4615
5220
4773
4950
5307
4743
4725
5178
4765
4488
4457
4884
5055
5128
5364
5033
4824
5069
5340
4756
4436
4564
4317
5308
4476
5013
4974
5019
4231
4777
4818
4971
4621
4588
4015
4730
4555
4069
4878
4696
5007
4941
4738
4935
4518
4781
4670
4730
4383
4901
4831
4257
4588
4794
4202
4057
4380
4775
4029
4519
4013
4871
4460
4428
4209
4645
4375
4114
4202
4378
4181
4456
4218
4271
4229
4126
4160
4779
4050
3998
4318
4354
3890
4658
4142
4182
4272
4361
4039
3877
4036
4399
3859
4435
4507
4049
4449
4019
4062
4151
4602
3977
4381
4134
3853
3824
3996
3949
3947
3736
3906
4152
4058
4183
3799
3943
4033
3793
3948
3761
4059
3800
3719
4036
3963
4241
3717
3779
3635
3766
3460
4198
3985
3486
4155
4026
3988
3904
3761
3607
3930
3754
3619
3537
3721
3953
3574
4363
3395
3633
3449
3888
3465
3330
3967
3810
3462
3663
3555
3251
3342
3486
3439
3451
3416
3133
3418
3286
3227
3226
3116
3455
3676
3370
2960
2738
2681
3139
3383
3320
3366
3663
3378
3016
2978
3308
2958
3224
3166
3353
3186
2965
3022
2890
2768
2993
2756
3057
2851
2935
2768
3094
2768
2876
2591
3109
2975
3034
2861
2833
3353
3499
2497
2956
2889
3067
2680
3083
2710
2673
2825
2581
3032
2757
2514
3055
2489
2609
2453
2748
2562
2502
2649
2536
2681
2348
2590
2509
2165
2706
2729
2372
2182
2173
2688
2237
2040
2297
2545
2791
2709
2456
2308
2632
2443
2601
2535
2658
2154
2120
2575
2414
2350
2492
2305
2447
2211
2327
2325
2058
2266
2261
2125
2095
1885
1920
2355
2361
2125
2003
2077
2383
1718
2293
2382
2182
2831
2137
2344
1692
1984
1625
1944
1698
1626
1879
1829
2332
1666
2046
1830
1937
1580
2108
1844
1946
2365
1869
1884
1724
1508
1719
1556
1551
1732
2111
1783
1590
2077
1467
1643
1941
1502
1658
1535
1387
1306
1781
1616
1601
1629
1579
1747
1401
1318
1796
1639
2050
1572
1659
1349
1457
1603
1784
1646
1339
1254
1469
1396
1744
1614
1341
1546
1581
1631
1554
1472
1358
1456
1449
1330
1438
1039
1172
1557
1607
1479
1683
1190
915
1080
1547
1419
1366
1263
1325
1393
1314
1142
1832
1186
806
1353
1551
921
1159
1038
1187
804
1565
1659
983
1478
1280
1096
1354
1082
1153
1422
1001
1578
1361
1373
1252
1218
792
1005
1016
1229
1205
1308
1254
829
952
1383
980
914
952
959
922
1164
1314
1226
1113
1379
1142
1170
940
963
1031
1112
1132
719
924
1013
1188
1257
902
1234
769
1112
1088
1291
828
862
1150
755
796
834
776
597
1167
767
1143
873
607
747
812
1011
992
736
844
815
993
1198
604
670
981
1006
932
840
874
906
800
1172
857
773
785
852
940
983
671
931
719
674
574
929
856
804
567
802
722
728
927
550
691
657
722
481
997
1116
798
638
782
434
997
497
487
664
761
949
1338
852
1210
593
689
557
595
1006
647
569
710
906
1037
671
749
1230
532
601
846
617
1061
800
521
1445
783
442
1038
696
764
855
591
576
648
1036
692
483
682
839
685
752
993
467
590
838
427
934
425
501
733
588
894
748
592
880
845
744
549
908
750
576
433
605
887
759
793
858
701
509
818
425
884
878
348
534
433
464
411
355
788
436
581
615
493
358
450
514
578
426
676
546
411
489
242
520
467
358
638
357
504
444
301
354
501
461
550
377
446
517
499
368
506
367
417
386
271
347
308
401
516
374
351
527
500
393
419
395
415
483
436
627
302
497
410
523
516
395
483
643
582
350
433
703
352
412
533
308
562
468
264
494
521
413
445
547
517
465
499
623
428
531
403
460
598
536
596
507
504
528
769
514
585
728
406
551
753
392
424
630
483
602
446
576
407
548
596
403
527
486
568
639
778
480
772
549
617
549
557
611
708
848
882
717
779
576
513
533
750
635
356
829
573
373
524
527
583
654
678
653
974
619
552
568
605
685
487
515
749
552
587
616
559
882
660
819
573
518
931
581
783
745
710
598
964
665
924
855
844
825
962
864
680
699
624
695
890
756
862
661
611
604
708
755
939
834
700
728
746
710
828
744
1065
580
985
797
718
1025
796
762
918
973
816
1037
960
761
839
848
924
991
994
844
595
1231
1008
868
726
1042
973
791
849
887
879
861
1018
801
990
1351
1025
891
926
1021
996
944
1040
1092
1002
965
1197
1048
943
1017
1126
1354
1022
852
857
1090
1196
1157
1438
1142
1047
1127
1230
1312
1057
1283
1098
1206
1225
1215
1276
1372
1019
1060
1203
1197
1079
1138
1177
1245
1355
1199
1313
1423
1127
1194
1090
1154
1554
1430
1299
1476
1134
1317
1335
1306
1542
1496
1370
1574
1371
1409
1201
1612
1358
1427
1680
1412
1200
1279
1315
1411
1384
1577
1684
1432
1570
1432
1454
1826
1616
1566
1560
1516
1508
1604
1483
1419
1656
1639
1638
1524
1880
1709
1500
1790
1489
1534
1596
1750
1542
1779
1582
1593
1663
1540
1458
1907
1530
1918
1896
1753
1641
1597
1642
1701
1853
2035
1823
1677
1752
2039
1828
1597
1842
2139
1860
1954
2288
2012
1734
1911
1736
2046
1783
1949
1982
1703
1788
1839
1938
1958
1691
1985
2271
1864
2069
1830
2247
2158
2098
2187
1903
2029
2269
1916
2139
2346
1872
2476
2089
2322
2199
2067
2105
2120
2215
2142
2280
2018
2075
1971
2065
2123
1906
2156
2069
2029
1932
2322
2163
2138
1935
2082
2412
2237
2294
2307
2351
2349
2233
2134
2304
2168
2369
2428
2474
2173
2666
2702
2187
2519
2258
2305
2381
2404
2071
2434
2555
2483
2446
2461
2589
2399
2321
2401
2649
2244
2499
2795
2649
2403
2538
2664
2453
2368
2443
2592
2549
2575
2437
2587
2486
2309
2627
2823
2596
2418
2425
2685
2528
2504
2575
2794
2725
2597
2802
2461
2639
2632
2427
2676
2687
2743
2622
2740
2854
2956
2493
2394
2378
2754
2839
2660
2835
2885
2655
2741
2957
2645
2667
2872
2746
2776
2597
2767
2796
2808
2681
2764
2692
2956
2875
2996
3098
2812
3095
2658
2884
2898
2753
2808
2913
3091
2813
2920
3106
2922
2976
3012
2976
2951
2786
2907
2831
2654
2891
3204
3132
2855
3011
2881
3224
2959
2971
3020
3256
2867
3188
2998
2762
2737
3081
2973
3606
3028
2959
3555
3099
2845
2954
3214
3333
3309
3194
2989
3381
3210
2951
3428
3159
2951
3070
2625
2992
3130
3109
3115
3294
3512
3498
3040
3076
3038
3173
3273
3139
3229
3266
3428
3162
3168
3203
3266
3194
3222
3332
3260
3383
3414
3428
3185
3180
3419
3201
3130
2910
3227
3267
3180
3106
3399
3593
3138
3100
3443
3104
3298
3240
3523
3214
3344
3433
3407
3279
3271
3561
3286
3083
3083
3313
3059
3078
3498
3156
3102
3413
3326
3336
3155
3114
3372
3334
3042
3531
3351
3434
3627
3384
3626
3622
3080
3479
3563
3661
3525
3399
3511
3239
3334
3212
3262
3699
3674
3442
3437
3405
3232
3296
3336
3339
3793
3823
3249
3124
3435
3363
3269
3401
3147
3513
3382
3491
3497
3478
3465
3375
3541
3409
3427
3401
3462
3431
3326
3136
3028
3538
3489
3263
3372
3299
3487
3316
3337
3284
3508
3368
3174
3376
3450
3262
3488
3596
3295
3402
3200
3335
3461
3496
3286
3108
3622
3540
3491
3071
3457
3681
3372
3288
3194
3345
3412
3475
3317
3569
3284
3334
3324
3455
3193
3401
3385
3417
3415
3405
3688
3267
3322
3367
3177
3274
3474
3321
3230
3300
3288
3173
3424
3231
3356
3672
3504
3393
3233
3115
3215
3423
3025
3326
3428
3179
3351
3410
3409
3258
3394
3437
3232
3266
3207
3622
3088
3275
3237
3122
3479
3260
3150
3076
3091
3337
3249
3258
3289
3106
3395
3412
3342
3193
3072
3013
3392
2796
3283
3111
3301
3227
3371
3077
3247
3271
3170
2779
3234
3080
3217
3221
2940
3333
