Insert ARRIVAL event in providerSet 0 at ts 0
663
762
430
601
424
636
543
872
433
608
599
708
598
515
919
834
740
439
448
598
392
621
751
651
771
908
501
610
951
865
337
738
975
593
554
734
641
478
605
730
555
635
523
811
702
652
478
829
1049
665
531
570
657
687
408
554
913
567
788
554
564
478
504
858
668
765
803
423
520
777
757
624
678
676
844
408
726
691
662
615
1127
878
913
731
842
612
794
577
783
783
511
664
661
411
708
785
668
834
1010
626
874
635
739
919
743
466
578
751
863
783
676
507
908
655
1251
896
710
535
980
900
886
835
511
721
498
995
671
887
738
646
831
1067
692
727
905
651
751
966
825
848
668
840
732
713
732
1249
1228
1027
793
890
892
753
793
769
756
1051
942
986
859
1150
882
1020
1127
929
808
945
1299
1112
630
843
975
747
1000
822
932
1137
1095
849
1323
1241
871
859
1245
993
1257
1298
1010
1315
1179
1054
1191
1068
946
1212
807
939
712
1172
893
1104
1016
1280
874
1158
1223
1453
1256
1201
1117
1150
1298
1013
946
1066
1174
1244
1385
1490
1398
1373
1025
1188
1376
1345
1162
1201
1501
1028
1241
1335
1535
922
1433
1148
1258
1390
1350
1089
1050
1138
1292
1406
1576
1261
1265
1802
1027
1215
1514
1287
1452
1554
1431
1499
1458
1329
1370
1320
1201
1457
1516
1540
1634
1294
1398
1871
1343
1343
1343
1641
1322
2260
1563
1810
1862
1581
1668
1457
1762
1596
1171
1284
2060
2335
1707
1715
2055
2006
1782
1694
1805
1709
1725
1637
1769
1744
1612
2024
1643
1687
2183
1809
2059
1757
1945
1782
2021
1902
1741
1811
1920
1871
1915
1710
1975
1895
1812
2090
1969
2226
2460
2440
2053
2038
1742
1933
1958
2568
2266
2284
2238
2041
2196
2281
2345
1805
1899
2203
2335
1966
2650
2097
2193
2295
2219
2618
2362
2338
2170
2255
2284
2322
2311
2128
2391
2753
2500
2160
2593
2583
2287
2503
2462
2359
2338
2422
2597
2209
2364
2107
2176
2629
2533
2755
2841
2668
2818
2472
2959
2586
2851
2865
2944
3009
2282
2579
2588
2810
3106
2848
2678
2560
2461
2794
2641
2893
2516
2993
3039
2878
2977
2746
2862
2720
2587
2964
2402
3384
3154
3010
2780
3112
2585
3008
2686
3094
3133
2600
2772
2884
2786
3195
2806
3184
3200
2911
2934
2575
3512
3036
2929
3006
3163
3268
3291
3179
2873
3232
3239
2974
2949
2906
3682
3046
3024
3220
3031
3295
2844
3508
3570
3407
3443
3066
3470
3629
3155
3135
3455
3217
3123
3381
3449
3408
3025
3503
3264
3089
3407
3453
3328
3643
3531
3514
3433
3532
3684
3392
3749
3167
3582
3572
3315
3765
3769
3239
3459
3602
3537
3605
3710
3765
3717
3436
3470
3411
3484
3537
3730
3501
3475
3619
3596
3817
3715
3528
3836
3499
3236
3343
3598
3633
4143
4085
3504
4171
3465
3564
3889
3524
3947
3541
3609
3945
3810
4188
3701
3998
3727
3744
3950
3891
3732
3575
3640
3665
4301
3911
3672
3579
3715
4105
3620
3830
3983
4175
3863
4163
3987
3744
3863
4019
4122
3942
4170
3971
3989
4147
4107
3837
3751
4100
4214
3783
4032
4069
3967
3755
3951
4485
4282
3970
3717
4390
3845
4263
3879
4617
4257
4091
4332
4374
4150
4271
4258
4267
4217
3832
4276
4293
4394
4732
4252
4200
4297
4114
4273
4520
4481
3590
4289
4054
4117
4310
4068
4229
4864
4163
4769
4152
4458
4257
4746
4483
4719
4456
4409
4077
3997
4275
4279
4433
4135
4215
4305
4517
4088
4571
4162
4214
4123
4406
4059
4458
4123
4640
4403
4300
4547
4585
4552
4690
4716
4271
4277
4276
4582
4090
4421
4425
4437
4003
4695
4405
4750
4331
4484
4318
4202
4560
4524
4647
4532
4436
4648
4405
4089
4231
4227
4396
4632
4335
4539
4469
4317
4648
4480
4456
4655
4473
4433
4278
4393
4425
4358
4433
4631
4393
4324
4848
4810
4377
4377
4652
4471
4405
4397
4248
4442
5002
4587
4409
4150
4628
4490
4251
4209
4246
4114
4817
4686
4113
4206
4360
4466
4394
4255
4653
4616
4172
4676
4618
4263
4556
4441
4232
4498
4114
3982
4599
4499
4265
4613
4422
4434
4468
4510
4561
4036
4331
4743
4346
4546
4397
4388
4269
4412
4376
4656
4275
4447
4663
5058
4328
4355
4458
4399
4237
4387
4537
4389
4378
4511
4500
4257
4243
4652
4424
4420
4167
4425
4604
4098
4736
4593
4381
4681
4690
4276
4283
4515
4860
4641
4363
3977
4553
4532
4322
4553
4313
4211
3970
4436
4554
4280
4599
4312
4487
4644
4257
4300
4520
4201
4350
4063
4175
4584
4126
3999
4523
3873
4143
4350
4252
4384
4550
4285
4813
4257
4054
4219
4370
3827
4001
4318
4459
4006
4350
4141
4206
4202
4179
4309
4487
4460
4047
4083
4254
3888
4375
4490
4023
4178
3926
4096
3938
4026
3897
4333
3784
3651
4150
4275
4002
4595
3677
3932
3964
4084
4299
3946
4267
4259
4133
3994
4403
3994
3693
3664
4095
3592
4220
4164
4309
3896
3935
3505
3780
3791
4023
3894
3926
4048
3608
3551
3645
3937
4234
4190
3797
3778
3617
3942
3695
4197
3688
3778
3978
3624
3992
3905
4180
3536
3804
3723
3611
3782
3547
3977
3740
3716
3517
3334
3372
4029
4316
3518
3855
3644
3685
3600
3446
3437
3716
3885
3479
3221
3584
3781
3809
3921
3582
3607
3390
3624
3138
3333
3505
3346
3970
3665
3731
3630
3049
3569
3460
3609
3636
3009
3508
3573
3433
3374
3782
3674
2982
3406
3306
3243
3333
2990
3116
3291
3138
3573
3080
3230
3261
3306
3303
3346
3000
3326
3217
3104
3225
3208
3303
3261
3035
2957
3573
3480
3142
2984
2698
3360
3082
2969
3220
3160
3108
2644
3481
2880
2892
3019
3115
3232
2835
2909
2916
3053
2955
3082
3236
3012
3020
2828
2761
2759
2560
2926
2834
3151
2759
2798
2956
2830
2744
2676
3520
2646
2766
2914
2687
2922
2421
2654
2968
3175
2316
2440
2413
3039
2412
2512
2588
2523
2786
2730
2720
2570
2561
2635
2738
2403
2647
2339
2334
2513
2949
2741
2496
2050
2420
2289
2312
2542
2437
2589
2426
2798
2202
2243
2222
2761
2398
2186
1968
2453
2827
2006
2320
2201
2443
1996
2499
2120
2173
2449
2112
1954
2140
2010
2268
2269
2055
2049
2073
2723
1967
1817
2631
2055
2238
1943
1798
2019
1932
2341
2056
2281
1843
2212
1854
1918
1993
2140
1579
1804
2213
2088
2064
1653
1932
1874
1717
1870
2322
2009
2207
1751
1894
1683
2070
2002
1767
1736
1814
1857
1690
2080
1501
1504
1743
1982
1584
1879
1898
1498
1815
1735
1680
1463
1635
1408
1458
2019
1846
1666
1644
1404
1690
1930
1554
1666
1769
1392
1724
1641
2055
1498
1618
1308
1807
1275
1385
1287
1675
1422
1342
1568
1509
1409
1357
1179
1737
1422
1307
1458
1449
1424
1269
1422
1505
1405
1099
1344
1183
1312
1419
1423
1240
1273
1530
1314
1324
894
1216
1043
1104
1375
1326
1212
1375
937
1143
1590
1173
1239
1036
1224
1179
1390
1235
1401
1068
1180
973
1142
1264
1049
789
1139
1216
1007
1198
957
1300
805
1071
1368
1099
1215
917
1337
899
1324
1025
915
919
889
1158
969
858
1022
799
1020
913
841
714
695
859
774
1035
1076
948
1102
908
925
1155
1188
751
885
906
1019
929
1024
856
785
806
842
899
930
932
828
1171
643
578
741
810
982
684
542
704
752
1091
1205
1031
1016
704
976
621
584
652
662
1367
666
858
686
660
552
922
733
735
1162
728
699
579
593
745
666
1080
640
870
501
805
629
647
775
479
632
970
787
835
768
735
663
802
530
842
563
840
568
971
607
920
987
538
774
710
568
466
616
638
628
512
547
788
509
758
653
785
525
626
892
550
484
599
613
444
837
606
836
609
732
605
632
419
638
495
425
361
509
964
752
453
829
582
520
664
470
705
476
486
849
721
682
533
791
489
484
818
742
532
770
718
548
559
802
412
452
777
375
731
676
662
809
596
703
599
394
804
753
495
487
419
566
544
514
540
435
745
798
962
643
532
710
655
445
503
688
562
735
647
747
639
578
465
671
584
800
818
771
742
583
696
648
580
747
564
651
449
735
600
836
686
573
360
554
664
346
833
578
766
572
594
736
846
746
590
711
676
490
833
672
508
630
773
581
969
1155
724
880
689
791
533
788
673
760
749
831
726
670
858
594
547
455
555
1108
580
814
664
685
685
964
676
479
804
836
748
647
822
749
999
713
817
761
913
786
562
650
729
776
597
916
548
749
717
980
873
590
766
763
911
630
671
712
940
556
667
695
714
837
617
917
741
769
743
1087
537
893
650
901
731
1169
973
1232
868
779
638
790
1103
570
645
514
697
603
1240
1042
1050
758
1218
477
1036
931
867
670
720
855
854
940
812
1138
905
979
1066
861
810
881
992
915
1608
989
1017
747
825
956
638
781
770
927
1276
744
1014
1414
1551
945
858
1082
1135
1142
1039
1391
977
790
1132
1059
906
1309
985
822
887
909
1124
1069
1070
990
1589
1298
1292
959
940
878
1208
1031
1486
1045
1207
1817
1133
904
986
1404
1476
1419
1265
1373
1361
1233
1203
1458
1430
1409
1053
1159
1300
1453
1197
1279
1425
1384
1012
1499
1047
1351
1519
1297
1807
1647
1390
1423
1331
1511
1358
1202
1430
1386
1643
1387
1354
1982
1789
1626
1785
1534
1841
1503
1567
1457
1325
1826
1353
2079
1373
1632
1861
1445
1328
2139
1895
2160
1738
1660
1749
1740
1438
1865
1795
1593
1933
1781
1422
1793
1771
1524
1771
1597
2646
1864
1767
1678
1750
1771
2388
1850
1616
1791
1847
2368
1771
1969
1917
1697
1836
1946
2569
1813
2294
2170
1781
2527
1887
1674
1971
2104
2034
2441
2037
2081
2487
2388
2093
2443
2221
2199
2534
2143
2006
2274
2328
2191
2226
2401
2088
2527
2121
2217
2299
2577
2159
1959
2121
2303
2215
2545
2230
2708
2469
2566
2157
2022
2796
2431
2263
2960
2553
2364
2563
2543
2360
2280
2363
2264
2586
2717
2605
2793
2580
2478
2733
2642
2244
2471
2490
2786
2705
2375
3113
2808
2437
2474
2655
2503
2682
2436
2841
2864
2438
3124
3204
3209
3141
2928
2744
2902
2794
2764
2809
2991
2710
2651
2745
3028
2962
2971
3301
2811
3073
2927
2937
3103
2745
3178
3123
3198
2877
3776
3171
3175
3092
3028
2762
3299
3086
2973
3144
3345
3447
3114
3112
3001
3443
3010
3220
3449
3183
3485
2929
2913
3355
3121
3523
3737
3750
3380
3523
3315
3587
3258
3818
3139
3197
3212
3187
3565
3550
3316
3754
3296
3662
3578
3571
3625
3913
3406
3686
3550
3560
3463
3613
3532
3555
3572
3671
3348
3887
3558
3509
3319
3835
3817
3586
3316
3496
3496
3639
3603
3830
3883
3453
3569
3696
3637
3645
3825
3962
3965
3620
4338
4176
3991
3866
4042
4079
3746
3874
3686
3838
3831
3678
3664
3840
3822
3824
3921
3816
4097
4292
4330
3970
3847
4232
3539
4322
4015
4363
3828
4101
4211
3977
3645
4008
4228
4270
3650
4070
4516
4409
4165
4120
4146
4000
4251
4133
4294
4423
3872
3832
4203
3905
4282
4123
4197
4064
4361
4178
4290
4213
4174
4192
4295
4122
4268
5013
4374
4612
4292
4151
4332
4293
4126
4241
4312
5045
4339
4297
4476
4257
4375
4528
4232
4619
4757
4688
4414
4726
4245
4904
4534
4599
4319
4718
4391
4289
4108
4606
4263
4522
4642
4279
4451
4869
4698
4073
4704
4863
4968
4756
4688
4744
4420
4542
4283
4512
4724
4199
4903
4531
4688
4882
4699
4755
4643
4670
5375
4615
4557
4755
4431
4553
4796
4755
4978
4288
4838
4355
4871
4726
4894
4502
4171
4557
4656
4743
4691
4718
4219
4999
4592
5004
4922
4671
4725
5201
4348
4339
4703
4458
4739
5117
4985
4700
4350
4670
4981
4906
4740
4757
4845
4709
4690
4667
4845
4819
4915
5066
4893
4362
5118
4778
4682
5105
5026
4865
4329
4812
4610
4496
4839
4447
5241
4866
4695
4785
4956
4914
4962
4857
4427
5183
4666
5055
4753
4702
4809
4415
4748
4928
4894
4822
5068
4266
4634
4443
5032
4478
5034
4980
4491
4832
4927
4759
5153
4858
4526
4783
4871
5017
4910
4888
4789
4935
4845
4425
4893
4532
4693
5312
5190
4875
4814
4627
4893
4562
4716
4867
4724
4796
5061
4208
4931
4722
5032
4505
4686
5222
4895
4485
4843
4591
4862
4706
4716
5005
4666
4793
4582
4922
4595
5048
4796
4900
4402
4659
4812
4548
4578
4423
4695
4794
4721
4710
5037
5175
4751
4784
4490
4489
4653
4741
4699
4818
4875
4642
4223
4500
5215
4437
4780
4674
4904
4780
4965
4551
4479
4667
4355
4934
4660
4806
4922
4573
4464
4661
4789
4772
4497
4497
4554
4224
3989
4600
4663
4153
4608
4491
4448
4154
4813
4811
4492
4329
4892
4586
4624
4438
4812
4310
4370
4583
4497
4361
4717
4689
4567
4580
4909
4732
3976
4580
4393
4892
4932
4424
4684
4476
4197
5017
4297
4372
4231
4773
3907
4010
4483
4330
4254
4385
4416
4478
4365
4158
4252
4117
4164
4302
4069
4728
4556
4284
4075
4315
4131
4504
4238
4275
4332
4182
4452
4145
4122
5010
3891
4110
4147
4287
3815
4130
4236
3971
4225
3815
3983
4171
4138
4160
4189
4093
4204
4211
3765
3988
4374
4143
4022
3945
3887
4106
3876
3891
3971
3824
3884
3757
3711
4170
3821
3859
3772
3873
3923
3923
4341
3822
4001
3829
3934
4241
3972
3423
3818
4010
3963
4053
3523
3928
3740
3925
3895
3514
3820
3866
3614
3626
3497
3941
3382
3808
3757
3660
3631
3363
3533
3819
3624
3567
3524
3659
3299
3705
3322
3626
3658
3543
3793
3314
3480
3466
3693
3530
3541
3575
3395
3414
3276
3340
3366
3300
3635
2987
3479
3340
3075
3222
3522
3619
3193
3327
3656
3490
3102
3297
3211
3137
3246
3075
2894
3197
3281
3168
3154
3083
3010
3112
3487
2904
2746
3043
3407
2716
2943
2882
2941
3038
2913
3337
3097
2697
3372
2595
2937
3256
2778
3179
3104
3462
3033
2843
2831
2689
2994
3265
3015
2589
2905
2474
2916
3076
2604
3109
3148
2617
2784
2829
2971
2729
3053
2790
3143
2475
2608
2334
2398
2842
2951
2434
2453
2576
2563
2490
2675
2666
2386
2555
2441
2447
2419
2491
2309
2585
2418
2108
2383
2338
2601
2235
2523
2728
2225
2506
2595
2576
2513
2363
2101
2112
2327
2379
2312
2314
2387
2192
2191
2306
2154
2461
1787
2410
2374
2081
2232
1942
2468
2430
2240
2200
2191
2502
2121
1977
2213
2330
2072
2244
2099
2504
2021
2175
1869
2016
2579
2067
2111
2176
2078
1989
2066
1798
1691
2012
2205
1939
2138
1792
1943
1877
1767
2236
1676
1920
1870
1971
1813
1966
1852
1848
1586
1720
1977
1464
2116
1783
1660
1628
1891
1806
1508
1686
2215
1851
1751
1365
1668
1824
1601
1737
1158
1411
1633
1941
1800
1561
1465
1526
1497
1587
1775
1274
1482
1525
1196
1393
1454
1385
1396
1556
1403
1492
1805
1309
1559
1506
1235
1259
1182
1492
1285
1594
1413
1647
1275
1119
1383
1559
1678
1627
1062
1315
1239
1253
1896
1230
1399
1211
1250
1394
1273
1245
1234
1037
1218
1240
1463
1032
1061
1127
1141
1117
1320
1414
953
1291
1236
1150
1637
1123
1397
1292
1080
984
1112
989
856
1033
1357
1263
1016
1194
1311
804
1091
1139
1119
1323
1104
886
1342
903
1131
934
558
1270
1042
1034
801
815
1226
1112
831
760
804
1193
817
1194
868
1079
983
980
829
1063
1004
706
877
733
1036
1055
1055
950
731
875
784
733
718
751
603
610
698
1013
623
1101
851
756
750
764
749
545
1106
1070
1020
918
600
658
552
590
1124
866
770
916
957
819
592
743
663
854
683
739
730
757
645
687
987
629
814
915
495
692
785
619
901
768
715
680
851
408
1101
596
641
423
832
745
782
616
716
545
518
823
818
655
773
574
785
735
526
745
436
439
687
661
989
786
647
1255
871
437
577
432
572
976
924
604
649
1128
783
577
745
636
531
607
729
604
638
581
699
522
614
404
796
518
643
495
582
958
641
597
574
527
941
548
397
621
403
605
630
608
372
543
1292
799
695
793
923
755
661
763
746
768
524
622
797
448
536
512
652
1052
744
530
387
437
536
692
624
485
704
675
499
717
504
557
787
879
430
599
709
719
609
513
826
757
309
947
595
499
759
728
671
720
490
875
549
886
534
445
587
739
384
602
1023
609
858
484
601
778
617
345
655
462
326
376
638
299
742
498
980
631
652
706
623
578
619
811
670
713
797
740
763
788
554
517
653
485
754
688
880
707
739
815
582
870
470
785
709
662
554
854
765
1047
756
816
683
689
529
591
653
732
1043
1016
669
863
823
416
517
520
428
681
978
765
853
1328
790
543
609
773
650
483
865
693
1171
768
883
932
746
599
748
589
915
635
898
994
922
970
1138
897
1108
945
855
853
1125
771
997
994
981
795
914
878
922
905
986
763
849
1109
1038
924
1223
1009
902
566
601
1444
1031
633
985
901
1027
996
679
954
1130
1483
769
794
994
995
1129
1420
1057
1113
1049
996
890
1073
967
1064
1398
959
1075
1248
1105
1171
1101
1416
1191
1433
1108
1187
1119
1590
1428
1326
969
1317
1080
1369
1163
1425
1204
1367
1328
1273
1355
1090
1272
1370
1866
1218
1449
1213
1323
1372
1022
1412
1045
1597
1080
1402
1504
1529
1273
1375
1087
1452
1372
1327
1264
1254
1768
1596
1402
1308
1690
1140
1674
1474
1916
1102
1564
1211
1473
1619
1595
1669
1493
1754
1336
1543
1589
1685
1817
1602
2097
1867
1594
1329
1953
1248
1717
1548
1702
1567
1584
1851
1503
1537
2057
1615
2104
2038
1683
1950
1835
1384
1738
2064
1766
1779
1984
2006
2077
2027
1884
1727
2002
2118
1685
1869
2112
1795
1773
2165
2016
1929
1761
2002
2224
2086
2232
1765
2024
2291
1883
1902
1855
2460
2057
2362
2317
2062
2228
2553
2285
2104
2516
2112
2324
2387
1885
2162
2254
2168
2473
2563
1747
2737
2184
2703
2200
2304
2389
2350
2300
2580
2578
2260
2217
2618
2616
2378
2741
2421
2652
2541
2123
2388
2474
2344
2517
2676
2089
2654
2257
2581
2484
2854
2716
2901
2528
2406
2391
2476
2421
2544
2649
3062
2634
2716
2793
2375
2763
2902
3057
2705
2623
2838
2789
2848
2873
2564
2711
2960
2872
2751
2974
3009
2857
2959
2605
2907
2767
2874
2816
2761
3141
3023
3189
2922
2822
3025
2944
3156
2916
3038
3077
2987
2962
2686
3321
2951
3247
3026
2992
3417
2953
2896
3096
2995
3043
3376
3558
3145
3132
3288
2955
3399
3257
3298
3421
3766
3600
3402
3389
3279
3367
3212
3318
3302
3434
3275
3316
3541
3149
3445
3033
3486
3378
3045
3543
3413
3623
3217
3681
3429
3116
3349
3490
3550
3598
3556
3708
3617
2992
3409
3825
3920
3642
4033
3787
3690
3471
3556
3587
3622
3768
3706
3845
3965
3875
3814
3728
3622
3970
4295
3596
3260
3599
3791
3638
3638
4052
3799
3640
3562
3879
3598
4296
3777
4236
3359
3591
3851
3625
3990
3890
4143
3752
4428
4083
3508
3835
3919
3704
3907
4015
3642
3961
4138
4193
4039
3829
4067
3650
4087
4705
4187
4122
3646
3811
4328
3911
4140
4325
4211
4458
3798
4183
4475
4045
4020
4027
4154
4622
4272
4212
4315
4208
4112
4316
4263
4465
4245
4310
3904
4193
4126
4311
4366
4093
4260
4606
4357
4283
4422
4315
4352
4204
4374
4587
4411
4726
3935
4041
4865
4466
4565
4796
4468
4318
4507
4831
4615
4183
4310
4678
4356
4099
4785
4399
4358
4344
4688
4703
4485
4649
4486
4294
4532
4501
4396
4226
4455
4394
4343
4391
4173
4600
4501
4603
4497
4458
4808
4471
4744
4466
4557
4718
4622
4742
4218
4728
4636
4662
4719
4361
4510
4488
4684
4333
4032
4960
4485
4515
4742
4520
4591
4609
4645
4878
4589
5053
4718
4569
4756
4187
4331
4544
4435
4571
4100
4933
4422
4474
4678
4758
4500
4845
4706
4630
4943
4532
5031
4437
4695
4906
5015
4652
5243
4535
4534
4709
4656
4739
4748
4701
4784
4599
4593
4378
4737
4825
4817
4710
4487
4477
4671
4475
4711
4871
4749
4744
5043
4637
4663
4866
4511
4533
4419
4583
4247
4853
5086
4321
4533
4911
4766
4742
4631
5237
5140
4597
4648
4814
4506
4932
4702
5015
4645
4830
4568
4315
4988
4296
4604
4308
4512
4451
4488
4561
4863
4463
4748
4797
4648
4786
5315
4462
4312
4350
4648
4587
4278
4893
4665
4352
4618
4445
4989
4846
4472
5059
4559
4770
4936
4465
4524
4854
4922
5169
4718
4700
4338
4587
4367
4535
4601
4712
4511
4429
4623
4331
4491
4704
4528
4784
4899
4504
4443
4612
4376
4768
4294
4938
4618
4707
4640
4595
4576
4440
4793
4567
4301
4477
4733
4525
4464
4999
4437
4624
4501
4156
4271
4585
4255
4656
4208
4686
3997
4753
4044
4697
4615
3978
4507
4404
4286
4167
4641
4342
4566
4112
4163
4396
4625
4152
4495
4286
4397
4496
4375
4400
4402
4482
4163
4458
4530
4112
4341
4386
4468
4259
4466
3873
4417
4061
4193
4446
4492
3981
4499
4494
4575
4512
4384
4457
4257
4476
4345
3815
4373
4214
3808
4223
3851
4353
4053
3925
3969
4379
4127
4245
3983
4249
4312
4151
4125
4332
4116
3973
3917
4253
3894
4055
3870
4257
3988
4273
3985
4151
3887
3827
4123
3735
4060
4086
3728
4068
3775
4002
3698
3918
3767
3604
3890
3870
3835
3423
3970
4311
3590
3667
3890
3916
3649
3900
3993
3941
4448
3883
3794
3773
4121
3757
3850
3773
3587
3737
3758
4067
3534
3762
3714
3504
3730
3650
3811
3372
3571
3868
3392
3409
3439
3516
3983
3340
3823
3503
3398
3539
3366
3390
3530
3340
3363
3486
3285
3139
3479
4180
3548
3050
3363
3256
3412
3595
3474
3449
3150
3281
3400
3500
3170
3264
3545
3366
3377
2905
3354
2987
3505
3580
3257
3184
3918
2917
3785
2964
3212
3615
3144
3038
3141
3362
3025
3293
2879
3134
3045
3542
2792
3099
3619
3167
3370
3177
3213
3042
3187
2903
2666
3120
3169
2905
3201
2723
2897
2996
2979
3019
2711
2759
2797
2843
2891
3035
2841
3279
2475
3094
2976
2885
2995
2929
2785
2742
2699
2660
2778
2745
2588
2851
2477
2333
2695
2627
2761
2642
2565
2550
2693
3047
2734
2169
2447
2320
2582
2727
2979
2205
2681
2259
2381
2206
2623
2485
2252
2457
2331
2432
2278
2362
2716
2106
2051
2007
2580
2380
2395
2776
2411
2041
2402
2040
2034
2079
2291
1774
1987
2330
2542
2365
2211
2390
2226
1975
2209
1979
2052
1897
1855
1654
1978
1935
1968
1808
1890
2082
1872
2114
1825
1742
1664
1719
2062
2163
1951
2365
1984
2007
2069
1850
2234
2201
1667
1969
2029
2140
1946
2141
1726
1795
1658
1861
1816
1881
1365
1970
1887
1629
1489
1756
1874
1646
1604
1527
1723
1524
1668
1481
1470
2026
1896
1518
1592
1543
1584
1654
1612
1641
1566
1542
1645
1695
1155
1538
1611
1460
1520
1500
1481
1445
1540
1693
1514
1319
1275
1578
1776
1297
1181
1208
1151
1405
1322
1301
1561
1394
1198
1409
1068
1313
902
1658
1107
1295
1286
911
1124
1539
1235
1271
1259
1547
992
1424
1135
1045
1066
1198
1182
1220
1338
1166
1131
1157
1187
1181
1020
1062
975
1138
1043
984
1235
1011
1300
926
1086
1507
1330
1145
1009
891
1142
1288
1000
1096
1224
876
1242
678
1136
1060
873
722
1013
835
740
718
802
1052
1205
728
915
900
796
806
1022
786
581
811
1026
1010
898
967
888
935
719
674
871
769
855
704
810
715
868
834
519
898
652
962
563
1209
824
858
849
1057
668
825
746
1098
653
692
900
761
923
719
676
866
931
647
894
810
465
646
897
600
575
747
907
737
949
721
547
639
614
666
630
1012
417
413
529
843
879
897
799
541
805
577
718
776
889
758
552
770
537
809
562
709
841
783
607
868
852
896
869
639
642
992
387
586
396
535
449
740
755
524
537
570
662
548
594
610
623
489
845
769
545
448
894
944
716
608
322
819
956
472
537
907
482
874
679
510
556
738
901
489
400
551
729
605
579
673
599
739
577
405
690
503
415
609
868
466
597
617
750
506
1130
755
521
523
369
537
315
512
631
861
580
335
575
641
693
440
1098
571
367
608
645
815
403
642
507
567
474
501
421
291
510
529
379
403
585
628
480
443
605
616
395
354
437
751
812
444
911
351
369
717
311
656
348
425
338
552
689
631
374
400
509
417
332
551
457
330
422
466
464
581
452
752
377
386
253
636
367
403
438
670
405
333
627
385
358
509
554
439
409
347
682
750
416
577
439
414
445
462
572
382
481
472
610
439
642
554
550
547
426
717
471
491
700
900
436
418
811
884
646
575
849
630
627
670
494
552
413
819
582
593
674
466
549
619
628
600
471
648
587
401
616
592
640
755
657
728
633
769
627
541
584
640
1062
660
564
797
471
781
507
656
681
547
668
873
652
627
853
645
858
734
658
754
618
941
570
665
704
676
898
664
756
800
853
705
1109
644
831
764
596
847
735
651
859
770
618
607
960
999
756
723
849
660
746
795
808
861
779
908
786
886
823
908
872
887
1061
944
917
1017
1011
769
886
732
814
861
1274
892
565
978
724
874
953
982
869
1229
936
788
1123
978
932
1042
1040
842
868
926
959
1113
862
1236
1149
1091
956
1020
973
1143
780
1021
1045
915
984
1133
767
820
1029
959
1092
1344
995
1257
1212
1170
1159
1383
994
1265
1111
1154
1127
1180
1146
1417
1241
1364
1429
1135
1317
1309
1453
1180
1198
1276
1228
1240
1403
1208
1352
1505
1436
1233
1643
1190
1311
1293
1438
1343
1375
1168
1108
1196
1436
1528
1224
1163
1339
1285
1231
1171
1340
1227
1265
1330
1406
1412
1593
1432
1582
1683
1406
1570
1538
1369
1685
1665
1541
1432
1587
1665
1561
1435
1940
1610
1456
1489
1701
1316
1712
1581
1622
1764
1539
1858
1692
1541
1770
1818
1772
1734
1461
1777
1594
1896
1600
1764
1652
1852
1895
1889
1644
2038
2016
1755
1972
1704
2009
1734
1852
1694
1922
2065
2008
1860
1935
1748
2025
1883
2034
2127
2105
1947
1822
2184
2292
2108
1993
2000
1837
1831
2311
2214
2328
2128
2122
2147
1859
1997
2198
1977
2115
2046
2116
2089
2153
1647
2144
2180
2352
2211
1894
1866
2336
2345
2376
2291
2342
2286
1988
2127
2347
2217
2131
2396
2353
2481
2401
2362
2110
2258
2176
2376
2274
2471
2415
2523
2541
2814
2327
2466
2336
2447
2110
2381
2414
2450
2437
2277
2368
2298
2450
2215
2395
2555
2338
2572
2284
2566
2532
2545
2574
2227
2503
2593
2745
2879
2361
2822
2498
2560
2295
2532
2732
2668
2499
2650
2462
2601
2779
2865
2612
2586
2806
2854
3087
2404
2514
2884
2562
2648
2574
2700
2492
2633
2867
2427
2778
2539
2538
2631
2844
2938
2738
2769
3086
2862
2624
3148
2893
3000
2854
3134
3204
2984
2854
2938
2719
2877
3015
2957
2852
2689
2905
2923
3174
3068
2957
2892
3003
2935
2968
2994
2646
2909
3124
2780
2983
3142
3128
3277
3119
3252
2981
3208
3024
2988
2989
2959
2940
3184
3421
3245
3087
3433
3103
2995
3495
3176
3215
3240
3407
2821
3071
3089
2917
3018
3270
3099
3046
3116
3379
3571
3613
3214
3301
3110
3189
3274
3272
3030
3406
3132
3041
3331
3423
3201
3543
3063
3345
3272
3356
3157
3326
3237
3257
3267
3565
3291
3295
3156
3282
3631
3345
3222
3342
3404
3214
3178
3115
3507
3219
3258
3276
3509
3278
3371
3429
3751
3196
3483
3270
3415
3524
3680
3185
3568
3527
3514
3615
3587
3313
3643
3636
3288
3742
3459
3334
3176
3446
3376
3371
3506
3251
3891
3467
3424
3809
3591
3663
3520
3835
3391
3421
3708
3680
3655
3854
3896
3674
3974
3703
3416
3799
3538
3709
3506
3168
3657
3435
3310
3433
3771
3561
3362
3604
3437
3545
3618
3831
3688
3624
3644
3606
3491
3876
3701
3641
3929
3690
3535
3503
3634
3466
3585
3722
3664
3538
3613
3223
3618
3546
3550
3563
3611
3516
3517
3389
3790
3703
3718
3670
3420
3852
3612
3626
4020
3528
3733
3651
3743
3653
3756
3515
3464
3677
3488
3243
3522
3860
3550
3571
3590
3777
3706
3375
3627
3371
3621
3662
3685
3458
3717
3683
3840
3588
3586
3614
3468
3861
3622
3523
3466
3546
3564
3480
3846
3785
3563
3512
3717
3664
3526
3733
3537
3663
3509
3457
3927
3384
3665
3340
3575
3567
3760
3565
3651
3248
3554
3654
3909
3459
3783
3598
3984
3604
3903
3521
3579
3676
3570
3456
3665
3634
3428
3416
3621
3517
3574
3281
3511
3606
3511
3396
3504
3833
3930
3344
3600
3435
3890
3532
3427
3627
3520
3435
3462
3633
3421
3411
3357
3329
3583
3631
3897
3314
3894
3588
3385
3398
3607
3492
3204
3747
3434
3643
3239
3652
3243
3744
3675
3670
3220
3349
3453
3678
3280
3784
3164
3295
3818
3280
3291
3485
3598
3153
3237
3268
3316
3532
3325
3630
2941
3229
3286
3173
3271
3427
3058
3174
3390
3265
3292
3313
3412
2966
3567
3211
3482
3391
3232
3192
3271
3639
3184
3176
3241
3383
3391
3089
3284
3326
3073
3033
3061
3130
3167
3336
3470
3035
2882
3204
2851
3233
3448
3004
2945
3146
2949
3016
3045
3153
3002
3023
3269
3474
3297
3174
3022
2977
2959
2967
3156
2894
3228
3131
3010
2818
3281
2868
3164
3121
2881
2993
3031
2987
3006
2958
2798
3024
2741
2735
3379
2788
3077
2972
2801
2608
3028
3074
2886
3530
2912
2881
2615
2601
2501
2885
2801
2620
2985
2826
2736
2905
2941
2908
2757
2659
3174
3024
2827
2616
2723
2781
2779
2731
2941
2814
2565
2767
2792
2690
2626
2761
2546
2640
2608
2953
2693
2425
2830
2604
2845
2445
2583
2584
2437
3128
2741
2380
3013
2485
2686
2488
2572
2803
2392
2456
2514
2388
2555
2498
3104
2209
2340
2531
2451
2413
2346
2598
2261
2332
2181
2130
2541
2241
2004
2289
2304
2531
2607
2267
2539
2315
2339
2415
2244
2737
2209
2066
2391
2301
2153
2184
2134
2244
2368
2239
2254
2278
2262
2332
2437
2227
2268
1972
2333
2243
1929
1970
2167
2251
2300
1918
2150
2344
1832
1882
1957
2062
1943
1950
1890
2066
1990
2136
1790
1938
2054
1927
2182
1943
2146
2221
1801
2504
1650
1704
1917
1916
2008
1935
1623
1959
1697
1867
1824
1931
1869
2219
1811
2086
1874
1765
1614
1933
1804
2025
1878
1598
1709
1952
1545
1884
1885
1606
1809
1782
1613
1818
1913
1449
1612
1712
1875
1605
1398
1660
1506
1610
1394
1675
1725
1792
1564
1413
1515
1686
1696
1278
1432
1487
1506
1436
1552
1267
1721
1263
1432
1390
1322
1648
1466
1676
1291
1277
1541
1504
1488
1554
1433
1456
1215
1316
1455
1557
1249
1266
1477
1228
1185
1201
1178
1463
1273
1365
1487
1201
1436
1245
1093
1090
1242
1084
1702
1288
1041
983
1606
1344
1160
1221
1187
1062
908
1193
1172
1171
1213
1148
933
1342
1133
1046
1193
1158
1139
1075
1113
987
1282
1093
1257
959
1003
1236
1112
895
842
1180
1049
824
1095
989
1232
1030
1032
1145
921
881
914
1017
971
801
877
818
912
1051
1019
845
758
1104
722
824
985
865
857
883
727
902
836
892
968
876
906
705
934
761
834
710
717
556
1064
1061
857
799
702
1026
922
668
778
837
737
713
798
794
590
756
553
750
734
563
728
524
820
681
1067
596
622
772
954
843
493
1063
551
854
494
449
699
680
663
950
607
585
588
586
497
745
595
700
732
683
610
617
531
713
525
606
728
725
585
605
493
536
402
525
410
500
523
519
469
774
656
736
507
632
541
434
542
515
833
496
606
841
350
395
789
667
514
636
622
462
374
466
712
580
406
747
569
579
540
705
519
602
585
570
762
626
352
759
548
593
448
496
613
522
367
575
440
524
677
586
639
691
737
603
489
349
607
612
719
352
522
496
676
501
403
552
437
451
527
440
647
695
381
472
575
481
435
503
411
498
526
310
750
367
409
664
722
535
444
649
543
567
371
439
604
404
491
413
403
506
498
446
569
458
414
558
506
396
923
478
310
399
450
314
473
574
287
567
729
606
467
758
580
317
246
424
546
424
520
568
486
675
773
591
613
343
304
365
459
391
334
314
423
485
489
911
674
766
789
375
725
496
494
421
380
374
563
525
443
302
494
469
540
341
767
410
1184
660
553
370
423
740
468
582
448
435
622
591
393
516
656
720
806
572
411
680
589
702
487
418
578
552
433
442
633
568
617
384
636
747
719
829
454
436
555
556
573
881
479
695
710
603
534
493
619
878
563
826
572
575
565
486
515
1005
492
641
890
633
629
766
505
835
942
587
632
660
689
492
500
543
862
870
813
712
780
734
728
693
657
675
693
685
713
531
583
1011
857
605
726
926
900
888
682
959
889
781
820
752
1068
743
772
1271
672
753
650
798
1120
687
627
824
830
546
621
828
946
797
745
765
651
896
768
811
745
733
982
900
728
1243
1168
1029
833
910
1049
1059
1006
939
978
711
790
1003
990
822
1016
847
1198
1219
820
734
919
1033
969
700
1010
909
1231
1114
999
1198
984
1088
1694
885
1348
1092
1024
1435
1045
1098
1312
1100
1153
1000
1287
1107
1026
1273
1285
1362
1383
1396
1196
1154
1379
913
1520
1102
1106
1045
1187
1062
1350
1361
1178
1512
1210
1175
1144
1308
1150
1332
1315
1445
1198
1103
1175
1486
1821
1469
1269
1500
1295
1432
1234
1323
1697
1692
1413
1574
1396
1447
1214
1447
1443
1570
1533
1428
1448
1652
1490
1255
1715
1522
1329
1503
1335
1624
1489
1305
1624
1692
1643
1506
1940
1480
1737
1693
1346
1606
1822
1277
1553
1854
1720
1422
1649
1571
1876
1784
1574
1705
1585
1886
1938
1806
2106
1820
1825
1681
1885
1855
1965
1794
1859
2104
2069
1914
1726
1834
2151
2009
1779
1893
1779
2177
1541
2067
2144
2329
1926
1839
1853
1867
1588
1984
2306
2280
1917
2253
2219
2022
1886
1923
1904
1666
2263
2257
1932
1993
2080
2055
2126
2227
2072
2481
2400
2158
2206
2377
1927
2376
2172
2166
2215
2432
2228
1989
2300
2435
2204
2437
2309
2248
2232
2473
2363
2330
2190
2414
2317
2603
2618
2208
2535
2173
2438
2758
2576
2162
2633
2462
2529
2619
2535
2575
2476
2324
2599
2461
2638
2548
2285
2573
2524
2451
2632
2597
2715
2819
2697
2716
2799
2862
2436
2495
2843
2661
2606
2841
2708
2921
3100
2826
2849
2665
2779
2795
2811
2878
3118
2537
2885
2970
3037
3117
2758
3111
2981
2483
2660
3156
2803
2920
3243
2908
2884
3187
3174
3133
3071
2995
2952
3047
2823
2761
2853
2880
2912
2738
2848
2800
2970
3093
3213
3522
3181
3109
3062
3378
3078
3254
3237
3146
2909
3161
2989
3825
2881
3517
3109
3256
3203
3185
3011
3219
3219
3584
3400
3284
3144
3197
2999
3211
3100
3269
3367
3297
3525
3337
3559
3188
3180
3377
3024
3596
3470
3355
3090
3674
3588
3233
3474
3424
3272
3400
3363
4069
3583
3596
3499
3382
3606
3441
3628
4000
3522
2883
3613
3357
3706
3535
4014
3628
3372
3520
3480
3778
3579
3235
3308
3584
3469
3397
3572
3745
3791
3732
3558
3925
3887
3808
3323
3354
3764
3559
3321
3633
3572
3588
3561
3327
3628
3722
3537
3749
3627
3366
3646
3874
3751
3711
3679
3894
3943
3773
4071
3860
3938
3741
3549
4030
3739
3503
3947
3660
4029
4198
4014
3949
3639
3673
3745
3612
4065
3649
3664
3936
3978
4010
3772
3645
4247
3969
3536
4062
3862
4215
3845
3726
4275
3880
3793
4096
3974
4294
4149
4246
4122
4015
4174
3956
3750
3852
3887
3722
3737
3788
4243
4355
4261
3786
4243
3921
4172
3941
3891
3846
4297
4238
3727
3885
4324
4259
4414
3732
4048
4148
3711
3863
3869
3830
3700
4035
3850
4008
3961
4267
4407
4149
3845
4130
4273
3881
3773
3836
3951
4120
4020
4083
4374
4277
4243
4358
3768
4195
4333
4006
3844
3763
4009
4037
4291
4295
3964
4354
4382
3931
3864
4080
4114
4372
3750
4057
4136
3990
4205
3748
4024
4190
4107
3956
3988
4137
4023
4280
4134
3968
4094
3946
3928
4377
4308
4063
4176
4080
4539
3852
3718
4342
4062
4074
3905
3778
3879
4045
4059
4018
3809
3928
3857
4256
4004
3965
4060
4137
4010
3845
4041
4146
4113
3979
4057
3995
4072
4138
4021
4193
4206
4136
4264
4195
3939
3895
3970
4014
4309
4125
3778
4195
4216
3890
4273
3890
4178
4091
4102
3891
3991
4265
3953
4166
4105
4040
3816
4412
4004
4263
4197
4241
4063
3800
3916
3963
3965
4209
3837
4132
3956
3733
4138
4003
3969
4488
4073
3913
4518
3783
3811
3791
4054
3772
4055
3684
4096
4334
4207
4087
3920
4021
3787
3911
3862
3737
4064
3406
4135
4497
4252
3774
3814
3943
3863
4298
3639
3746
3668
3820
3958
4150
3971
3851
4127
4087
3844
4456
3915
3543
3869
3352
3910
3723
3567
4189
3695
3693
3782
4081
3578
3952
3964
3619
3364
3919
4180
3653
3937
3715
3916
3732
3540
3609
3544
4079
3817
3456
3532
3491
3541
3673
3749
3769
3780
3365
3408
3632
3655
3766
3968
3515
3373
3739
3364
3628
3727
3411
3930
3376
3516
3507
3479
3470
3479
3387
3297
3916
3482
3695
3415
3748
3309
3166
3673
3761
3910
3466
3734
3156
3286
3290
3617
3372
3068
3493
3519
3407
3318
3212
3624
3304
3376
3431
3478
3376
3054
3331
3530
3142
2956
3243
3340
2978
3264
3480
3194
3425
3157
3391
2962
3054
3305
3195
3371
3011
3034
3202
3258
3016
3728
3018
3210
3116
3242
3571
3153
3081
3105
3088
2950
3233
3365
3316
3001
2867
2833
2893
3075
2756
2893
3127
3259
2616
3002
3241
3123
2703
3083
2885
3055
2745
3165
2975
2909
2998
2830
3197
3102
2578
2709
2622
2921
2797
2813
2927
3345
3088
2788
2639
2726
2499
3107
2771
2758
2799
2752
2592
2910
2771
2477
2380
2617
2506
2543
2782
2582
2724
2569
2658
2858
2198
2460
2806
2489
2774
2801
2686
2737
2360
2873
2794
2569
2390
2345
2502
2414
2498
2469
2543
2116
2350
2516
2633
2536
2255
2356
2267
2299
2345
2513
2564
2436
2273
1932
2340
2461
2009
2270
2624
2134
2418
2106
2213
2075
2201
2095
2521
2132
1870
2498
2283
2491
1920
2014
2311
2237
2469
2013
2233
2008
2222
1934
2100
1983
2051
2414
2156
2274
1889
1518
2006
2001
2180
1956
2105
1919
1721
2071
2086
1845
1758
1953
1704
2028
1809
2177
1555
1666
1944
1943
1569
1771
1630
1833
1729
1926
2078
1530
1768
1985
1504
1733
1843
1523
1556
2092
1824
1473
1657
1734
1465
1658
1628
1453
1747
1697
1469
1939
1688
1232
1858
2067
1553
1424
1539
1728
1409
1324
1348
1753
1586
1468
1775
1677
1456
1416
1523
1547
1699
1712
1440
1247
1376
1656
1465
1767
1347
1702
1408
1204
1305
1700
1395
1367
1421
1078
1420
955
1156
1351
1333
1130
1231
1318
799
1441
1241
1075
1259
1315
1117
1323
1364
1368
1224
1091
1159
1608
1025
1276
883
979
1492
968
1452
1170
1183
1377
867
901
1293
1349
1357
1215
1250
1347
1106
970
1208
916
1129
979
848
1117
1233
746
992
936
1027
913
968
1134
997
1190
1002
1125
788
1115
895
917
1130
1088
823
955
806
1094
975
1058
974
780
630
799
1161
790
1118
976
1284
832
695
681
809
847
742
820
700
948
1327
782
984
783
882
743
924
774
742
1017
595
608
604
683
666
587
779
722
815
919
504
707
711
769
690
777
939
994
895
757
786
762
764
691
683
745
718
994
778
663
580
811
623
796
623
714
605
941
627
555
617
550
664
626
458
572
815
713
590
611
577
667
755
563
690
522
695
475
609
648
541
399
602
566
781
441
583
473
517
407
553
532
525
786
695
464
289
497
632
628
676
532
803
751
639
537
361
385
429
643
597
710
689
507
531
469
718
445
844
630
425
564
391
581
439
741
488
679
538
654
473
560
546
445
525
528
552
389
648
676
466
463
771
660
492
460
664
627
528
664
727
634
552
340
508
614
744
282
470
519
511
779
510
429
432
448
870
747
585
532
490
590
650
560
412
580
410
571
497
751
817
432
425
555
439
292
212
209
290
310
252
240
157
211
176
200
234
290
294
225
228
238
250
208
197
217
157
318
384
196
231
241
229
158
200
331
229
343
213
311
355
321
264
196
259
164
207
269
191
171
224
236
137
173
157
290
273
191
200
295
198
184
257
207
242
215
290
199
269
281
250
220
365
283
303
279
143
139
224
156
178
274
260
180
241
250
305
242
156
273
209
382
229
178
217
261
282
185
302
205
287
233
248
234
357
268
177
235
178
245
245
305
217
248
303
232
364
210
270
391
346
359
481
218
384
286
336
234
291
208
279
251
310
332
166
255
294
275
289
263
311
338
317
289
311
310
262
367
317
286
420
325
297
324
393
316
322
296
398
351
400
361
336
229
449
342
320
346
351
380
233
422
373
393
393
399
462
251
345
394
519
413
433
444
412
501
399
393
439
383
267
369
311
400
329
426
427
414
485
410
478
357
367
379
502
416
384
431
421
491
311
319
466
375
391
369
404
454
470
547
496
532
475
434
635
550
477
488
376
389
450
514
377
415
382
412
553
583
522
644
449
477
482
629
512
610
529
621
642
589
544
586
580
496
673
525
550
450
496
678
560
548
730
500
521
583
682
622
524
496
564
571
678
622
632
578
603
648
577
618
727
838
523
683
633
727
797
668
467
723
653
623
777
653
590
729
596
551
730
673
645
548
623
680
709
631
700
665
860
730
757
623
708
710
786
706
640
865
812
833
754
816
834
661
793
659
871
654
842
775
691
814
751
718
755
655
868
726
742
682
821
760
832
799
818
913
917
925
816
1018
839
840
835
913
708
875
951
958
901
852
934
1024
913
912
986
965
783
873
1020
893
878
820
977
931
1017
1008
838
1097
915
910
970
857
945
1118
1017
850
963
1054
1102
878
987
930
1036
999
989
976
968
878
1015
1045
1034
1043
1037
1065
995
989
1101
1232
1058
1063
1055
965
1136
1033
1032
962
1091
969
995
1116
1046
1068
1126
1136
1318
1121
1197
1209
1243
1073
1152
1193
1137
1220
1076
1115
1190
1143
1106
1002
1213
1201
1199
1252
1203
1290
1447
1132
1317
1179
1110
1255
1116
1233
1189
1215
1363
1257
1444
1276
1168
1172
1282
1263
1304
1355
1331
1270
1359
1315
1210
1290
1217
1217
1308
1192
1319
1281
1283
1282
1347
1289
1397
1283
1268
1395
1197
1244
1227
1342
1207
1302
1287
1408
1252
1275
1409
1431
1612
1213
1383
1352
1225
1376
1468
1344
1282
1497
1277
1337
1419
1505
1327
1225
1285
1371
1421
1576
1343
1436
1448
1516
1324
1355
1413
1348
1339
1431
1432
1356
1419
1412
1482
1419
1517
1484
1456
1340
1401
1424
1409
1643
1456
1503
1661
1549
1449
1572
1617
1470
1465
1470
1341
1386
1505
1408
1612
1515
1561
1360
1539
1557
1506
1394
1542
1775
1515
1583
1363
1499
1641
1580
1558
1443
1407
1672
1546
1549
1559
1598
1506
1525
1496
1582
1513
1504
1463
1596
1431
1476
1613
1655
1524
1574
1629
1563
1575
1719
1545
1576
1600
1669
1547
1628
1642
1524
1573
1480
1653
1561
1789
1554
1741
1552
1558
1512
1640
1581
1598
1707
1692
1718
1668
1651
1637
1714
1776
1638
1591
1742
1753
1603
1638
1627
1656
1743
1634
1721
1713
1695
1787
1644
1734
1657
1595
1499
1770
1644
1574
1652
1801
1717
1678
1712
1624
1705
1655
1643
1639
1591
1859
1569
1616
1586
1631
1676
1556
1777
1748
1690
1723
1750
1589
1679
1710
1622
1656
1664
1663
1724
1671
1653
1653
1759
1574
1650
1703
1726
1662
1683
1651
1456
1632
1707
1742
1792
1540
1688
1472
1661
1595
1581
1713
1642
1666
1599
1658
1752
1599
1734
1759
1668
1701
1645
1609
1867
1664
1639
1723
1510
1686
1648
1744
1656
1736
1549
1628
1624
1784
1595
1769
1819
1679
1681
1654
1765
1700
1875
1831
1771
1573
1708
1649
1637
1547
1626
1636
1639
1826
1598
1595
1709
1646
1685
1886
1614
1581
1529
1779
1711
1641
1662
1704
1657
1788
1556
1855
1609
1704
1642
1723
1742
1704
1590
1764
1622
1593
1581
1651
1753
1542
1746
1699
1772
1662
1601
1689
1520
1693
1650
1651
1647
1741
1720
1684
1674
1632
1793
1587
1751
1638
1816
1576
1650
1680
1516
1559
1531
1635
1573
1765
1497
1608
1632
1891
1576
1665
1614
1573
1556
1484
1829
1534
1621
1566
1558
1552
1682
1529
1628
1564
1613
1603
1692
1606
1847
1556
1582
1438
1637
1594
1601
1556
1408
1602
1475
1378
1681
1458
1570
1494
1597
1617
1583
1589
1507
1721
1669
1552
1544
1370
1494
1695
1641
1579
1709
1414
1459
1502
1437
1367
1495
1332
1586
1521
1498
1426
1486
1329
1628
1412
1508
1363
1479
1337
1539
1693
1563
1498
1482
1557
1417
1629
1481
1527
1409
1366
1602
1369
1347
1502
1327
1497
1334
1414
1435
1485
1428
1424
1441
1245
1429
1342
1437
1573
1465
1463
1355
1288
1351
1510
1330
1363
1487
1309
1430
1334
1419
1505
1348
1427
1408
1421
1322
1299
1490
1391
1225
1388
1278
1411
1301
1372
1350
1126
1283
1297
1267
1293
1260
1264
1340
1455
1256
1326
1260
1262
1164
1188
1305
1497
1226
1429
1243
1271
1261
1303
1340
1215
1168
1250
1188
1291
1269
1297
1108
1228
1264
1173
1102
1248
1108
1099
1191
1366
1173
1125
1149
1080
1361
1139
1125
1269
1255
972
1317
1147
1078
1159
1216
1159
1184
1296
1116
908
1106
1006
1065
1195
1273
1017
1071
1129
1172
1104
953
1076
1083
996
1107
1136
1275
1087
995
1133
1045
1025
950
1108
937
985
888
1038
933
1065
993
1278
907
945
1216
1023
1136
983
1157
1024
1085
942
972
948
877
1045
887
1001
895
1020
1141
1075
879
891
1110
854
912
1039
767
911
846
988
956
905
937
1005
885
838
925
930
961
952
828
851
926
784
833
629
817
822
832
938
908
871
901
868
866
855
723
793
798
732
705
757
799
771
932
768
808
823
635
769
710
812
674
646
680
679
843
742
964
749
889
666
681
678
755
802
584
702
721
597
666
718
713
641
619
650
627
850
664
664
652
633
674
712
720
696
633
581
578
758
630
618
570
648
723
673
668
632
664
438
703
748
617
577
501
587
479
568
541
724
597
576
617
578
720
603
585
573
590
596
625
457
458
438
417
488
577
682
552
654
565
577
488
623
558
537
535
478
509
649
462
464
416
459
700
582
395
498
547
489
485
502
615
434
476
552
471
532
413
294
454
436
564
466
392
459
434
386
474
461
518
452
417
417
416
369
353
321
379
393
418
384
360
397
322
392
322
380
423
391
312
329
331
311
467
449
393
355
414
365
301
298
214
355
318
290
290
421
332
292
505
386
387
284
288
256
349
399
426
302
408
400
348
253
342
416
365
371
225
285
312
287
296
348
342
297
320
345
458
468
283
335
269
400
349
320
264
282
364
292
303
386
271
274
240
186
277
259
230
299
362
258
304
218
214
255
137
246
207
236
247
338
258
209
290
253
256
282
264
259
339
291
195
305
221
502
237
221
352
323
331
234
166
329
167
248
191
214
195
164
348
259
189
227
177
227
199
157
174
172
186
318
270
396
319
266
172
141
242
184
210
259
275
271
204
218
233
192
212
372
212
167
238
260
312
160
229
220
193
233
223
207
228
316
204
214
328
332
214
350
273
167
260
174
256
194
189
328
156
232
219
191
270
271
258
160
202
184
255
256
134
207
162
138
167
178
214
176
275
381
218
248
141
187
226
283
253
277
280
316
171
305
323
214
206
236
324
233
269
205
323
224
261
346
288
335
337
251
234
207
347
207
201
246
202
322
271
170
224
235
231
319
181
234
232
269
379
233
194
229
217
190
275
143
164
132
329
302
166
238
382
260
303
261
190
308
214
276
227
350
220
286
308
207
163
268
287
167
198
203
179
205
277
278
182
248
288
188
296
358
225
312
302
161
246
305
190
250
220
478
365
178
330
270
357
403
366
247
338
337
313
368
252
217
279
244
295
316
279
293
262
287
382
417
299
328
302
308
249
392
303
259
351
416
223
278
380
290
373
281
249
275
360
292
378
258
361
357
335
337
378
331
345
363
265
400
434
333
313
436
391
414
325
390
409
320
343
357
335
406
357
333
292
462
458
350
386
494
448
318
352
420
357
445
331
407
375
332
310
426
324
438
299
615
658
320
431
483
423
371
439
446
413
319
250
381
388
381
396
544
410
502
538
408
512
643
497
582
504
628
462
585
462
575
690
481
585
569
454
523
440
482
596
531
581
427
435
441
573
421
548
509
533
519
590
508
587
486
567
715
451
550
544
489
496
580
601
551
485
705
521
455
663
512
480
719
636
668
628
619
696
758
605
670
567
583
685
541
663
737
625
692
663
804
607
720
653
688
699
643
774
729
613
780
754
700
617
717
653
968
708
679
705
689
750
761
726
761
753
726
815
804
724
646
866
712
924
656
889
853
748
852
818
856
864
888
719
751
856
923
940
840
855
920
829
881
728
715
889
862
1007
774
851
873
907
858
922
938
938
1031
784
837
868
979
884
833
844
998
820
1015
869
891
945
1015
891
931
971
800
916
978
1002
1044
835
848
1071
864
993
1024
1035
1185
1106
1045
884
1027
990
1049
1012
1096
986
1153
1156
1140
921
1213
1153
1104
1385
1043
1025
1136
1159
1177
1101
1065
1023
1122
1027
1118
1123
1050
1142
1135
1297
1198
1082
1137
1255
1090
1054
1197
978
1290
1134
1148
1243
1276
1375
1188
1141
1079
1179
1218
1107
1134
1441
1137
1209
1266
1242
1219
1250
1297
1205
1284
1348
1112
1159
1436
1122
1422
1195
1395
1197
1255
1334
1337
1195
1381
1244
1261
1265
1164
1360
1423
1351
1297
1241
1269
1323
1208
1367
1400
1310
1375
1398
1302
1374
1383
1400
1263
1307
1257
1316
1158
1559
1366
1384
1398
1457
1519
1359
1476
1429
1530
1373
1407
1370
1480
1404
1397
1434
1404
1452
1364
1463
1511
1331
1717
1456
1569
1476
1413
1436
1566
1355
1489
1416
1489
1545
1544
1477
1455
1576
1518
1499
1572
1497
1581
1559
1481
1543
1489
1493
1586
1506
1520
1631
1610
1470
1564
1504
1507
1467
1581
1506
1532
1576
1567
1744
1653
1584
1692
1666
1724
1752
1674
1613
1510
1604
1550
1505
1612
1603
1717
1770
1674
1674
1732
1607
1534
1749
1660
1665
1679
1567
1833
1633
1503
1710
1649
1641
1564
1623
1609
1547
1691
1656
1695
1720
1697
1693
1608
1561
1663
1657
1705
1549
1732
1903
1522
1739
1608
1636
1761
1720
1817
1722
1893
1690
1671
1727
1580
1808
1604
1727
1688
1744
1765
1806
1608
1751
1801
1657
1838
1838
1897
1670
1634
1707
1812
1686
1862
1924
1621
1966
1808
1831
1833
1684
1805
1673
1979
1743
1654
1693
1779
1858
1753
1859
1703
1706
1867
1837
1775
1817
1671
1653
1750
1933
1767
1764
1873
1801
1873
1635
1716
1661
1763
1818
1750
1733
1889
1826
1645
1904
1652
1709
1730
1865
1936
1837
1683
1777
1792
1733
1803
1676
1698
1778
1729
1702
1715
1791
1608
1805
1793
1795
1833
1769
1833
1673
1835
1821
1694
1775
1852
1805
1730
1707
1727
1634
1944
1881
1756
1753
1849
1778
1742
1772
1821
2017
1734
1752
1756
1786
1857
1928
1766
1924
1886
1845
1815
1743
1745
1951
1845
1941
1738
1676
1964
1850
1814
1640
1897
1666
1782
1811
1766
1710
1754
1849
1792
1777
1691
1691
1793
1833
1807
1770
1865
1866
1686
1885
1711
1698
1816
1777
1827
1895
1624
1890
1838
1876
1809
1894
1769
1930
1830
1753
1738
1695
1922
1873
1808
1749
1723
1781
1829
1760
1978
1752
1888
1754
1725
1791
1722
1763
1757
1860
1899
1787
1870
1814
1812
1689
1630
1824
1767
1536
1788
1773
1702
1735
1724
1881
1862
1697
1894
1777
1796
1683
1677
1631
1837
1884
1890
1805
1694
1577
1737
1784
1612
1777
1733
1836
1725
1743
1802
1735
1599
1530
1839
1633
1568
1853
1678
1697
1757
1605
1712
1611
1621
1645
1707
1723
1488
1609
1673
1647
1552
1596
1616
1555
1700
1617
1695
1604
1605
1485
1520
1604
1652
1689
1544
1626
1593
1675
1769
1573
1670
1643
1656
1583
1300
1730
1575
1582
1626
1651
1564
1684
1442
1720
1443
1460
1645
1720
1584
1635
1490
1573
1578
1747
1482
1568
1582
1700
1617
1616
1494
1591
1783
1599
1586
1585
1329
1540
1551
1482
1491
1433
1673
1415
1460
1440
1485
1423
1605
1471
1527
1456
1477
1460
1455
1489
1407
1358
1403
1327
1405
1475
1639
1418
1569
1459
1373
1451
1485
1399
1418
1427
1305
1414
1306
1412
1417
1267
1339
1297
1309
1434
1378
1219
1293
1383
1409
1334
1586
1330
1348
1310
1417
1236
1226
1433
1298
1445
1354
1374
1254
1311
1294
1323
1441
1422
1273
1214
1186
1347
1216
1230
1166
1240
1184
1191
1304
1070
1408
1240
1224
1260
1268
1032
1125
1245
1310
1198
1284
1181
1139
1130
1234
1004
1424
1374
1236
1267
1160
1152
1215
1158
1219
1063
1010
1123
1159
1277
1122
1145
1104
1094
1019
1147
1357
1077
1085
1128
1191
918
1072
1030
1206
1131
1080
1099
1126
1147
1190
1058
1021
963
1115
1035
980
1129
990
1030
1046
945
970
1177
1078
1138
1094
914
769
1043
854
1039
1085
937
978
888
952
888
1139
900
989
945
898
809
895
1041
922
892
869
1092
1134
1020
921
1134
944
949
767
796
829
835
805
889
857
712
780
882
728
937
973
757
881
746
840
706
877
862
662
708
768
825
742
782
709
784
849
674
876
762
640
828
687
726
717
668
757
694
738
761
784
784
788
634
733
760
639
664
581
740
647
638
642
621
673
693
666
645
656
714
510
656
574
665
561
560
660
579
679
599
536
633
654
680
794
596
669
836
546
577
632
633
521
641
654
524
487
648
611
596
578
659
518
599
572
459
663
506
448
562
561
799
575
455
620
523
404
460
543
397
635
463
433
510
348
524
396
624
525
442
664
447
582
460
451
508
429
389
509
553
472
391
575
475
464
404
436
558
443
372
384
503
512
475
373
418
514
544
471
451
441
502
421
343
369
244
329
392
430
321
439
390
315
385
291
360
373
401
570
325
431
292
380
438
485
335
357
298
242
345
328
249
351
431
335
341
336
374
303
317
315
242
496
295
385
364
276
246
362
307
387
421
338
268
362
268
371
400
289
265
186
231
231
403
291
249
266
389
274
323
312
287
226
320
411
275
251
243
292
352
281
318
295
262
275
316
284
303
285
199
239
327
246
246
279
321
304
332
234
392
164
460
253
380
314
229
227
172
397
318
169
183
247
219
392
241
256
337
242
180
338
286
239
344
278
196
346
375
264
130
214
267
232
320
198
266
383
271
217
144
311
212
230
212
257
190
237
306
205
375
268
283
190
254
343
265
292
277
177
226
306
180
226
185
325
150
232
237
233
250
218
192
271
224
173
242
164
143
168
232
209
248
272
195
153
232
280
303
223
299
263
214
222
220
288
152
281
193
217
337
337
298
335
368
311
668
627
466
501
544
512
615
776
505
464
733
471
596
701
579
562
401
494
628
562
313
735
580
421
623
590
343
589
364
794
693
567
649
605
370
482
390
377
410
560
668
529
647
695
396
498
733
637
416
404
602
646
606
703
458
438
491
597
352
397
618
704
536
672
239
406
536
472
326
670
634
420
444
691
421
878
406
532
758
543
473
563
662
459
551
723
538
500
426
441
609
660
803
654
550
578
598
511
551
615
542
534
517
660
851
648
567
582
874
389
689
913
629
522
809
735
474
737
580
849
866
749
722
835
712
663
707
751
615
534
492
527
520
645
669
644
809
590
992
474
652
810
745
673
555
679
909
584
523
785
934
666
776
952
626
780
888
765
1025
1007
675
658
953
811
809
980
810
925
965
859
1020
903
764
728
788
888
968
835
1006
923
1152
830
1099
749
878
919
957
1219
1169
1030
1048
670
940
850
1136
1050
1108
671
1074
970
1211
858
1148
962
1182
985
1113
963
939
1277
1023
1065
888
1033
933
1214
1122
1075
1131
1144
949
923
1052
1066
949
1046
993
1099
921
1377
896
1332
1181
1182
1167
1143
1231
1163
1383
1218
1460
1242
1249
1083
1289
1161
1084
1126
910
1177
1222
1233
1198
1247
1152
1137
1649
972
1153
1328
1338
1665
1522
1489
1092
1536
1452
1519
1077
1442
1654
1628
1484
1145
1487
1580
1917
1420
1666
1580
1426
1462
1658
1159
1578
1463
1424
1498
1684
1546
1746
1791
1373
1418
1454
1625
1748
1358
1377
1660
1549
2101
1688
1454
1445
1826
1779
1839
1845
1789
1519
1642
2033
1614
1622
1725
1760
1888
1719
1933
1704
1800
1629
1774
1909
1856
1920
1989
1879
1673
1892
1530
1721
1797
1979
1683
1771
1989
1893
2056
1797
2139
2063
1922
2196
2017
2161
1911
1860
1809
2063
2096
1684
1846
2194
1883
1653
1992
2208
1975
2016
2106
2213
2105
2193
2581
2290
1939
2167
2092
2179
2196
1882
2029
2009
2008
2067
1892
2164
2128
2253
2373
2281
2430
2053
2498
2264
2250
2435
2094
2504
2134
2513
2296
2259
2470
2290
2337
2145
2300
2234
2787
2351
2624
2550
2437
2620
2435
2668
2465
2565
2736
2567
2581
2467
2403
2267
2578
2582
2426
2709
2332
2369
2723
2409
2767
2494
2809
2635
2986
2977
2656
2663
2791
2432
2614
2691
2794
2649
2813
2748
2854
2932
2732
2860
2592
2748
2671
2773
2950
2609
2739
2690
2941
2957
2895
2906
2459
3114
2811
2658
2954
2830
2765
2885
3014
2720
2669
3258
3297
3173
3023
2920
2799
3161
3440
2543
2869
2911
2811
3007
3086
2892
2703
3057
3244
3122
3191
3189
3076
3182
2860
2881
3101
3197
3160
3402
2871
3296
2976
3119
3424
3160
3184
3139
3359
2961
3155
3011
3168
3115
3055
3121
3419
3321
3306
3369
3260
3550
3375
2950
3242
3179
3427
3417
3108
3062
3357
3327
2970
3330
3414
3018
3468
3523
3641
3287
3350
3689
3517
3631
3391
3547
3614
3611
3621
3346
3580
3131
3370
3487
3560
3247
3433
3365
3331
3509
3676
3342
3397
3596
3534
3589
3342
3742
3597
3402
3609
3422
3708
3433
3146
3604
3673
3225
3619
3470
3446
3707
3504
3823
3722
3428
3292
3461
3283
3874
3616
3437
3432
3468
3685
3664
3561
3972
3627
3616
3758
3787
3884
3650
3749
3837
3393
4059
3920
3573
3694
3814
3554
3586
3381
3868
3516
3726
3905
3797
3671
3417
3803
3833
3666
3624
3705
3784
3907
3555
3450
4065
3578
3723
4009
3887
3806
3629
3958
3605
3932
4015
4016
3663
3703
4226
3853
3966
3874
3933
3798
3754
3855
3774
3798
3930
3790
3657
3924
4004
4132
3981
3660
3996
3919
3778
3586
3793
3874
3993
4009
3954
3770
3895
3918
3879
3750
4183
3797
3813
3629
4172
3741
3921
3850
3862
3757
3796
3883
3905
3868
3785
3710
3993
3797
3643
4120
3748
3720
3767
3799
3776
3929
3882
3894
3920
3639
3730
4134
3664
3877
3714
3900
3826
3831
3672
3720
3527
3829
4035
3906
3876
3984
3757
3854
3669
3800
3667
3764
3857
3713
3581
3846
4012
3674
3844
3820
4044
4022
4418
3624
3824
4120
4061
4105
3878
3837
3674
3935
3967
3750
3563
3846
3945
4125
3928
3822
3814
3718
3805
3979
4103
3638
4104
3933
3781
3667
3765
3716
3658
3738
3583
3583
4117
3930
4115
3798
4026
3690
3560
3829
3679
3775
3748
3745
3627
3741
3767
3876
3912
4096
3609
3618
4176
3864
3694
3834
3748
3684
3623
4164
3594
3666
3443
3967
4076
3941
3750
3771
3903
3775
3272
3436
3757
3977
3641
3714
3706
3795
3789
3744
3416
3610
3788
3479
3545
3600
3565
3672
3712
3519
3241
3689
3623
4013
3620
3294
3706
3673
3682
3983
3443
3657
3655
3463
3543
3617
3286
3537
3631
3647
3565
3454
3481
3648
3539
3312
3733
3677
3569
3512
3525
3713
3211
3181
3759
3476
3521
3412
3702
3327
3260
3458
3335
3552
3344
3993
3245
3530
3407
3404
3130
3594
3300
3721
3302
3474
3629
3437
3276
3283
3164
3321
3366
3183
3123
3394
3475
3077
3172
3225
3395
3306
3502
3303
3180
3285
3429
3020
3121
3107
3402
3233
3053
3282
3523
3134
3127
3193
3082
3201
2901
3344
3099
3052
2966
2969
3151
3021
3096
3163
3146
3265
2909
3363
3042
3385
3075
2790
3092
3525
2734
3170
3256
2816
3034
3074
2875
3295
2963
3059
2927
2745
2955
2726
2839
2886
2861
2877
2693
2660
2909
2665
2663
2634
2796
2853
3011
2773
2857
2524
2817
2625
3139
2761
2978
2807
2667
2987
2729
2435
2636
2924
2934
2670
2770
2359
2784
3053
2454
2392
2604
2830
2775
2290
2331
2362
2753
2795
2743
2315
2294
2510
2369
2430
2565
2260
2670
2465
2537
2524
2535
2453
2421
2333
2428
2437
2339
2195
2498
2677
2491
2555
2277
2464
2320
2193
2539
2169
2447
2928
2209
2457
2525
2064
2432
2443
2158
2304
2143
2475
2468
2043
2308
2335
2183
1970
1906
2002
2005
2358
2078
2208
2340
2273
1998
2246
2338
1994
2763
2099
1909
2046
2047
2067
2161
2014
1891
2035
1841
2051
2135
1736
2067
2195
1945
1938
1922
2092
1806
1789
2042
1895
1733
2032
1777
1866
1946
1862
1904
1734
1678
1945
2192
1756
2093
1830
1904
1652
1944
1983
1526
1942
1653
1925
1935
1970
1718
1685
1629
1443
1714
1627
1791
1772
1685
1722
1633
1494
1510
1749
1730
1682
1423
1360
1719
1683
1745
1745
1753
1627
1483
1526
1594
1487
1474
1465
1332
1040
1481
1446
1565
1579
1425
1618
1699
1382
1469
1388
1541
1388
1510
1504
1492
1339
1378
1478
1366
1328
1465
1106
1046
1372
1198
1581
1197
1357
1446
1529
1446
1343
972
1241
1197
1179
1108
1248
1255
1654
995
1041
1224
1418
1029
1166
1256
992
1001
1174
846
1254
1053
1201
1258
1220
803
940
976
1152
1069
1276
1300
1034
1013
1184
1034
977
1232
988
954
884
897
966
946
1458
891
1025
1064
1338
1068
964
1123
962
1206
1301
1196
1326
851
871
1033
1014
1116
836
874
898
777
978
786
881
904
999
721
693
690
744
756
628
659
888
710
727
668
944
1222
631
698
794
832
742
808
1005
861
722
797
821
942
945
593
539
884
912
736
903
884
654
718
704
837
891
980
695
1059
681
638
823
635
1145
737
851
551
587
694
474
805
930
655
888
530
738
573
734
546
491
653
721
390
846
505
768
641
678
470
477
426
600
589
527
594
405
656
521
494
491
606
638
865
679
1239
549
851
679
549
608
573
694
561
693
758
517
434
602
483
700
445
529
480
641
482
540
621
557
470
731
536
547
985
586
599
502
504
562
508
607
368
640
398
518
515
507
720
809
730
504
714
502
621
394
511
455
513
418
369
517
519
642
467
450
448
480
482
578
548
523
792
744
610
322
691
545
620
463
478
559
358
452
602
580
589
289
622
563
465
552
1058
421
870
437
464
678
505
492
549
630
441
584
345
393
563
397
587
551
573
549
544
718
684
704
554
548
878
502
852
599
430
545
471
490
408
395
524
443
513
745
543
741
522
427
634
661
465
637
587
510
458
671
596
523
488
478
596
588
807
1029
668
877
622
405
659
988
518
924
604
622
842
586
543
651
588
612
752
903
994
591
569
680
457
686
769
557
565
684
453
594
524
513
499
758
480
650
720
856
608
543
527
830
820
670
619
593
736
674
427
568
495
519
756
889
595
996
906
1099
761
529
583
793
590
717
410
981
631
943
751
792
713
501
708
886
1039
767
742
705
720
913
769
657
851
876
731
684
704
941
844
685
476
1266
895
561
611
836
719
433
879
567
827
665
993
745
871
733
886
1123
796
974
966
621
1151
819
918
978
796
869
763
1095
1051
1003
812
774
1102
897
788
617
999
1129
832
634
900
803
1193
827
918
1206
1033
1436
1276
1140
1236
1140
932
923
901
1438
798
942
749
1104
981
1340
1318
1104
941
939
1340
1040
1591
997
1500
1104
1004
1331
1100
921
1260
1495
1379
1480
1357
814
1344
1137
1182
957
1076
1893
1293
1469
1657
1323
1507
1013
1530
1309
1373
1231
1319
1347
1216
1158
1255
1311
1461
1352
1408
1491
1581
1435
1223
1428
1403
1521
1533
1308
1349
1498
1727
1398
1341
1559
1375
1420
1820
1280
1581
1506
1147
1634
1774
1683
1464
1203
1220
1595
1753
1541
1287
1588
1549
1686
1516
1996
1743
1388
1415
1567
2028
1835
1698
1520
1648
2479
1552
1899
1605
1688
1733
1656
1820
1840
1722
1984
2067
2249
1720
1892
1922
1753
1862
1986
1687
1637
1999
2201
1913
1621
1786
2017
1925
1966
2107
2483
2502
1998
2492
2130
2092
2351
1789
1896
1840
2220
2160
1996
1899
2131
2092
2050
2328
2165
2353
1820
2100
2279
2474
2248
2091
2125
1885
2334
2243
2248
2194
2188
2136
2145
2459
2162
2598
2650
2318
2702
2158
2591
2661
2358
2440
2328
2278
2604
2399
2883
2562
2303
2379
2779
2663
2455
2659
2794
2291
2794
2607
2717
2207
2664
2851
2801
2636
2698
2996
2853
2503
2829
2668
2792
2318
3004
2597
2768
2746
3282
2936
2923
2931
2766
3512
3067
3028
2922
2968
2910
3071
3132
3186
2706
3205
3199
3424
3209
2997
2951
2972
2784
2912
2966
3149
3013
3140
3019
2899
3719
3531
2893
2939
3236
2869
3287
3694
2795
3035
3484
3257
2904
3120
2946
3225
3094
3401
3270
3201
3541
3801
3002
3337
3495
3362
3215
3279
3160
3132
3700
3347
3783
3545
3371
3440
3297
3364
3424
3300
3591
3550
3165
3105
3538
3498
3643
3401
3248
3881
3585
3367
3503
3734
3524
3167
3586
3596
3699
3865
3665
3795
3862
3500
4164
3475
3862
3567
3825
3700
3653
3591
3942
3678
3962
3622
3795
3772
3782
3915
4232
3917
3603
4351
3762
3821
3443
4112
4282
4107
3994
3994
3631
4063
4073
3834
3931
4007
3721
3886
3869
4392
4129
4060
3990
3722
4267
3954
3679
3843
4056
4109
3885
4060
4069
4007
4027
4198
4512
3867
3959
3782
4275
3957
3903
3977
4123
4177
4265
3964
3900
4102
4125
3870
3997
4142
3976
4065
3858
4627
4209
4693
4204
4614
4321
3908
4064
4426
4411
4535
4114
4152
4535
4273
4215
4201
4277
3924
4459
3929
4170
4267
4305
4405
4157
4142
4447
4484
4599
4552
4443
4527
4248
4408
4467
4418
3920
4438
4585
4429
4310
4600
4426
4776
4821
4455
4540
4722
4336
4666
4756
4580
4695
4527
4582
4501
4757
4699
4501
4683
4394
4884
4576
4782
4418
4717
4474
4635
4316
4513
5072
4421
4458
4384
4548
4187
4554
4696
4348
4737
4141
4558
4309
4514
4592
4816
4779
4306
5036
4340
4369
4458
4475
4201
4433
4721
4757
4613
4531
4575
4131
5110
4679
4676
4357
4700
4367
4529
5258
4918
4808
4448
4794
4726
4761
4556
4707
4575
4695
4745
4751
4607
5253
4882
4550
4421
4867
4746
4752
4380
4653
4917
4653
4607
4714
4829
5253
4648
4640
4784
4689
4606
4758
4727
4739
4576
4704
4563
5070
4805
5033
4539
4653
4575
4570
4484
4933
4613
4664
4606
4919
4698
4631
4792
4757
4502
4739
4967
4623
5094
4278
4718
4893
4992
4851
4664
5049
4657
4624
4637
4604
4830
4556
4884
5023
4384
4514
4576
4532
4507
4552
4808
4588
4550
4840
4700
4577
4738
5010
4324
4570
4569
4744
4971
4390
4900
4753
4802
4260
4773
4803
4429
4465
5026
4647
4536
4174
4436
4711
4802
4362
4684
4388
4806
4693
4473
4771
4766
4404
4499
4379
5037
4329
4748
4374
4375
4269
4815
4281
4753
4715
4294
4400
4986
4468
4215
4319
4215
4446
4363
4497
4683
4437
4515
4431
4647
4700
4776
4483
4490
4605
4628
4923
4274
4361
4475
4753
4685
4264
4714
4640
4337
4132
4538
4240
4425
4551
4500
4293
4637
4407
4385
4528
4468
4398
4144
4531
4415
4088
3986
4131
4430
4146
4321
3835
4284
4051
4328
4551
4284
4357
4498
4339
3961
3933
4076
4380
3963
4043
4431
4049
4214
4243
4443
4074
3962
4298
4419
4045
3906
4127
4347
4058
3769
3724
3972
4165
4292
4528
3787
4007
4239
3661
4129
3986
4182
4287
4280
4090
4312
4154
4656
4127
3831
4201
3951
3894
3952
3852
3797
4079
4102
4209
3798
4057
3788
3550
4283
3922
3901
4008
3812
3669
3543
3764
3788
4221
3741
3897
3575
3602
3681
3967
3600
3734
3812
3791
3240
3692
3743
3626
3255
3611
3769
3731
4068
3457
3313
3666
3801
3487
3915
3529
3560
3704
3708
3553
3377
3448
3706
3154
3270
3494
3459
3574
3368
3713
3142
3483
3573
3813
3077
3303
3327
3298
3307
3121
2965
3306
3317
3666
3299
3270
3436
3965
3415
3369
3385
3314
3395
3651
3329
2986
3452
3380
2990
3104
3196
3258
2882
3565
2802
3098
3601
3294
3282
3008
3411
3061
2972
3549
3344
3121
3170
3012
2926
2835
2886
2829
2757
3184
2892
2918
2829
3117
2917
2682
2595
2738
2788
3002
3129
2892
2779
3036
2692
2940
2496
2853
2645
2674
2996
2753
2784
2664
2690
2293
2567
2554
2586
2513
2460
2468
2559
2789
2793
2867
2867
3031
2474
3050
2829
2496
2614
2728
2524
2490
2197
2856
2333
2544
2431
2695
2245
2473
2668
2344
2294
2046
2358
2054
2524
2054
2731
2361
2227
2372
2160
2606
2190
2283
2352
2289
2336
2194
2287
1862
2418
2252
2169
2245
2009
2535
2261
2072
1954
2020
2391
1862
2103
2196
2243
2168
2072
1854
1957
2310
2635
1924
1991
1903
2160
1874
1918
1799
1656
2011
2182
1831
2136
2004
2427
1993
1783
1684
1434
1810
2203
1924
2129
1719
1815
1653
2087
2068
1611
1684
1629
1677
1805
1630
2131
2114
1941
1874
1542
1573
1942
1914
1837
1394
1746
1615
1379
1673
1412
1704
1351
1640
1587
1483
1553
1630
1503
1353
1514
1230
1366
1326
1546
1474
1387
1539
1728
1538
1628
1308
1677
1655
1517
1646
1456
1568
1469
1251
1221
1323
1520
1346
1250
1444
1107
1268
1373
1198
1215
1400
1388
1135
1283
1325
1291
1213
1303
1368
1167
1347
1514
1315
1170
1843
1363
1372
1166
1263
1366
1144
1094
1202
1146
1171
1045
1137
1331
1006
1102
1046
1169
1164
1192
1502
1003
818
1014
1112
1183
1047
1126
984
1011
1385
1070
848
1153
1046
1132
873
995
1214
899
753
1212
753
810
941
1237
1025
1152
822
830
1003
732
1071
905
1053
793
1248
1046
862
842
974
975
1013
1226
1241
509
717
740
732
808
765
895
1048
645
760
848
714
839
638
698
866
1059
956
1194
922
690
1023
1067
813
985
1329
622
542
884
985
641
630
808
943
855
649
875
1120
709
911
748
834
772
741
521
634
804
656
974
814
862
460
533
1269
676
672
705
1100
751
708
877
509
985
500
977
661
795
628
737
790
781
662
667
666
768
667
650
505
934
497
583
517
583
612
369
528
649
552
463
572
469
437
495
838
727
924
684
434
426
694
417
654
720
584
629
598
417
645
511
494
472
633
466
607
624
593
660
610
395
529
575
478
613
667
534
414
538
530
873
713
450
487
761
352
1312
528
410
750
696
738
415
680
633
724
544
729
568
827
741
537
631
534
622
625
518
650
504
877
400
793
524
557
595
541
531
799
465
509
631
457
694
607
476
373
431
534
706
704
532
617
832
425
560
653
469
483
473
682
520
640
432
872
584
653
428
523
589
997
621
513
769
582
726
370
514
636
598
600
536
909
717
774
644
620
835
721
626
702
766
655
549
327
688
814
462
593
878
590
766
782
373
783
707
901
678
662
531
644
807
930
685
727
1108
633
815
652
740
890
553
628
515
668
757
469
821
682
954
632
688
839
827
678
731
638
675
647
804
847
803
864
836
667
595
537
774
691
634
650
754
767
413
628
801
707
592
753
740
699
1050
846
765
730
968
706
812
1117
861
796
649
904
855
1013
960
797
1127
808
905
755
915
793
1094
903
661
877
1120
898
877
840
964
937
937
819
908
1085
1073
1072
776
770
1054
772
1012
1140
1118
1332
1141
911
1320
958
757
991
675
844
917
1256
771
1082
908
835
1291
887
1120
1078
863
1380
1409
1123
1206
1205
937
1376
1503
943
1003
1528
1545
949
1127
1182
1120
1003
1077
1132
994
1206
1026
1294
1359
1410
986
1100
1056
1375
1178
1108
1247
1190
1278
1501
1385
1388
1261
1615
1699
1276
1394
1313
1695
1504
1373
1087
1255
1407
1911
1479
1376
1359
1425
1651
1270
1333
1557
1475
1429
1553
1610
1848
1881
1861
1332
1182
1506
1533
1852
1532
1716
1438
1593
1847
1537
1595
1858
1753
1355
1685
1702
1632
1736
1734
1355
1777
1548
1592
1834
1666
1719
1558
1538
1871
1751
1935
1706
1645
2060
1717
2171
1673
1757
1621
1877
1725
1819
1921
2029
1798
2149
1476
1706
1929
1683
2360
2160
1840
2310
1812
2407
1754
2219
1979
2457
1889
1700
2535
1926
2227
1927
2014
2485
2189
1968
2467
2061
2294
2150
2288
1920
2060
2148
2341
2051
2178
1939
2398
2464
2153
2256
2301
2654
2316
2291
2834
2077
2525
2069
2480
2010
2229
2574
2202
2332
2508
2426
2505
2487
2231
2395
2583
2409
2903
2457
2603
2548
2596
2658
2606
2915
2509
2970
2672
2528
2742
3036
2387
2431
2801
2484
2344
2941
2886
2658
2645
2573
2685
2667
2695
2495
2461
2816
2622
3118
2837
3129
3229
2820
2937
2792
2748
2799
2768
2705
2749
2885
2858
2896
3183
2778
2724
3042
2773
2853
2829
2778
2896
2952
3104
3036
3235
3162
3437
3418
3019
3118
3207
3036
2910
2995
2800
3383
2945
3080
2856
3259
3417
3407
3382
3507
2978
3334
3217
2983
3277
3075
3406
3226
3536
3308
3447
3443
3282
3419
3320
3395
3374
3094
3353
3514
3141
3747
3339
3238
3297
3616
3688
3255
3418
2944
3487
3738
3427
3705
3178
3753
3667
3708
3693
3277
3430
3809
3313
3650
3724
3867
3701
3467
3564
3709
3579
3649
3340
3829
3752
3548
3418
3729
3564
3830
3831
3287
3938
3698
3851
3607
3234
3942
3608
3669
4023
3764
3752
4165
3829
3629
4005
3597
3798
3722
4113
3520
3755
3796
3737
3763
4012
3596
4271
3929
3831
3734
3722
4064
3956
3847
3970
3810
4059
4101
4354
4024
3950
3814
3873
3876
3855
4130
3873
3817
3832
3736
4159
3928
3694
4128
4271
3987
4289
3821
4236
4177
4246
4163
3836
3700
4114
4212
3959
4124
4205
4013
4266
4707
4523
4174
4079
3523
4110
4395
4153
4239
4035
4499
4794
4686
4612
4166
4114
4394
4026
4108
4332
4214
3882
4274
4501
4754
4424
4046
4522
4111
4473
4441
4214
4298
4325
4275
4163
4253
4359
4454
4239
4353
4620
4448
4282
4744
4415
4630
4169
4474
4702
4512
4250
4174
4578
3925
4675
4692
4619
4407
4476
4304
4178
4109
4176
4594
4683
4574
4223
4411
4246
4581
4342
4287
4009
4540
4376
4046
4234
4560
4489
4443
4542
4462
4510
4310
4209
4102
4892
4150
4567
4999
4315
4441
4384
4493
4457
4444
4347
4318
4379
4140
4330
4430
4193
4189
4344
4474
4283
4380
4223
4313
4428
4252
4542
4461
4397
4211
4492
4938
4366
4416
4669
5021
4540
4570
4641
4381
4174
4577
4266
4170
4907
4730
4458
4583
4837
4475
4751
4084
4207
4506
4764
4856
4431
4159
4063
4227
4649
4811
4378
4379
4283
4318
4288
4393
4476
4514
4412
4637
4428
4696
4774
4581
4738
4357
4542
4198
4226
4153
4846
4260
4424
4675
4504
5155
4405
4701
4268
4430
4296
4342
4377
4215
4823
4437
4523
4177
4369
4445
4304
4626
4224
4175
4402
4236
4680
4417
4052
4233
4392
4774
4280
4797
4090
4603
4449
4248
4534
4408
4224
4503
4545
4159
4213
4124
4298
4305
4225
3892
4349
4549
4638
4094
4237
4241
4234
4437
4081
3934
4448
4373
4131
4855
4170
4551
3900
4364
4654
4465
4351
4033
3653
4018
4555
4132
4147
4139
3891
4072
3994
4209
4146
3910
4233
4242
3984
3830
3927
3889
4226
4498
4001
4155
4132
3980
3928
4109
3994
3930
4070
3976
4115
3690
4101
4019
4052
4065
3636
3873
3867
3959
4187
4300
3996
4006
3975
3741
4018
4162
3923
4183
4359
4011
4210
3886
3675
3485
4114
4285
3726
4125
3948
3913
4052
3656
3672
3686
3860
3857
3984
4373
3894
3861
3655
3545
3901
3630
3467
4025
3743
3413
3595
3825
3682
3931
3768
3598
4027
3798
3685
4072
3618
3615
3515
3821
3667
3434
3467
3322
4031
3641
3691
3897
4017
3945
3910
3830
3503
3403
3640
3281
3590
3912
3384
3455
3493
3526
3366
3392
3540
3501
3219
3440
3892
3587
3684
3635
3199
3862
3431
3323
3402
3200
3495
3383
3262
3313
3428
3275
3098
3056
3308
3307
3394
3535
3519
3017
3003
3201
3805
3251
3403
3082
3271
3605
2847
3574
3186
3128
3191
3037
3006
3230
3325
3106
2852
2737
3105
2749
2709
3188
3292
3126
2843
3024
3314
2895
3086
2828
3354
2947
2759
3195
2954
3110
2706
3133
2828
3252
2983
2985
2348
2852
2560
2977
2586
2860
2881
3041
2894
3014
2803
2797
2579
3348
2536
2685
2957
2649
2602
2826
2715
2858
2685
2576
2613
2687
2794
2633
2312
2684
2139
2155
2844
2486
2679
2445
2738
2551
2387
2710
2553
2436
2233
2526
2565
2376
2530
2547
2472
2025
2587
2366
2760
2429
2470
2205
2602
2206
1967
2294
2262
2334
2233
2218
2536
2113
2172
1875
2215
2262
2478
2425
2390
2374
2097
2194
2109
2243
2163
2014
2093
1906
2037
2004
1660
1714
1798
2143
2051
1982
2372
2187
2185
2032
2050
1963
1816
1724
1748
1811
1717
1772
1696
1959
2035
1879
1923
1633
1890
1965
1804
1607
1665
2085
1894
2015
1829
1648
1903
1703
2347
2166
1520
1590
1672
1917
1776
1587
1585
1896
1623
1436
1869
1433
1568
1861
1894
1608
1390
1578
1328
1665
1540
1462
1308
1451
1814
1642
1529
1388
1464
1386
1336
1877
1460
1491
1422
1498
1157
1397
1685
1351
1859
1067
1704
1894
1707
1208
1281
1313
1640
1548
1374
1510
1254
1558
1516
1236
1369
1434
1208
1237
1343
1110
1221
1255
1221
1507
1200
1552
1251
1208
1332
1631
1451
961
1057
1684
1153
911
1280
1064
1138
1325
1139
1024
1191
975
1071
1367
848
1179
1366
1185
1115
1173
1241
1023
1045
1130
1402
951
1227
1178
959
1205
1008
1230
1031
1223
1002
838
1175
924
970
1040
954
1042
931
1039
897
914
999
763
999
1143
842
1048
924
1084
1091
1013
791
1352
997
936
1023
831
1214
761
945
748
822
942
655
852
1185
1062
917
933
886
819
1003
632
949
746
913
885
708
929
630
957
940
914
975
921
643
816
887
801
690
980
461
719
672
832
887
821
733
1054
626
960
917
819
663
603
603
766
427
643
913
1076
523
573
947
784
692
768
676
714
465
692
906
665
811
804
513
634
661
693
391
673
666
476
654
869
555
438
805
553
1158
553
782
773
484
664
830
503
455
507
736
487
529
481
648
992
518
627
559
495
805
510
561
475
570
471
588
473
672
620
677
423
466
822
481
737
539
716
440
358
509
695
833
682
542
737
565
405
737
667
420
668
561
746
520
718
487
330
521
577
541
506
425
438
689
550
658
412
716
532
394
725
657
664
629
709
837
635
778
441
720
613
491
657
683
485
760
598
840
728
359
633
812
419
949
772
562
457
948
544
666
657
685
586
518
665
1032
1039
834
649
806
646
560
855
718
653
503
599
559
665
619
751
434
538
519
761
1003
760
632
704
1060
575
531
945
792
807
658
981
629
681
543
739
849
1052
547
1009
658
701
727
720
595
992
866
889
536
651
882
791
740
772
735
1273
1024
499
746
646
804
641
679
641
789
717
546
1100
712
1028
577
902
835
638
1194
895
796
983
782
842
937
1005
768
835
1111
941
946
727
1102
1116
1141
1038
1066
752
832
866
829
904
1107
1070
696
856
1001
923
1037
894
1069
929
789
1014
899
1995
1110
793
1030
830
1014
760
982
878
722
1158
992
944
1012
1332
1424
1005
1030
1379
1103
958
1032
1135
863
1079
829
1189
1365
1210
1165
845
1210
1283
1155
1044
1057
1044
862
945
1113
1197
1035
1085
1036
1569
995
1122
1607
1365
1157
1430
986
1218
1291
1229
1436
1280
1297
1220
1037
1060
1310
1245
2034
1249
1402
1192
1435
1424
1321
1131
1342
1830
1321
1768
1615
1268
1574
1640
1418
1450
1408
1092
1301
1617
1366
1641
1526
1426
1529
1450
1667
1149
1341
1660
1557
1636
1425
1481
2017
1987
1544
1585
1376
1377
1538
2058
1998
1610
1611
1676
1286
1619
1645
1961
1794
1576
1467
1421
1900
1943
1517
1509
1585
1644
1952
2014
1584
2132
2023
1774
2006
2196
1999
1460
1915
1784
1776
2017
1898
1980
2021
1541
1698
1919
1911
1760
2010
2043
1580
2125
1552
2440
2163
1952
1920
2210
2299
1625
2366
2182
2026
2223
2604
2378
2000
2250
1862
2211
2326
1991
2499
1698
2391
2300
2129
2064
2013
2286
2049
2301
2274
1973
2223
2211
2301
2262
2381
2439
2250
2062
2931
2577
2951
2346
2275
2518
2487
2317
2778
2573
2749
2291
2668
2736
2635
2162
2710
2668
2628
2674
2927
2844
2750
2234
2832
3116
2655
2539
2738
2555
3327
2427
2675
3049
2460
2786
2514
2824
2982
2816
2886
3051
3114
3277
2699
3568
3380
3219
3006
3251
3039
3274
2738
3050
2839
3211
2927
3087
2897
2757
3150
2976
3403
3108
3089
2792
3312
2794
3385
3132
3050
3193
3171
3328
3236
3011
3178
3405
3302
3810
3609
3736
3888
3214
3736
3404
3270
3569
2828
3802
3633
3463
3907
3478
3608
3591
3380
3501
3808
3712
3500
3683
3790
3441
3172
3555
3548
3455
3613
3442
3527
3806
3641
3380
3301
3505
3546
3598
3496
3809
3540
3618
3652
3827
3656
3924
4121
4126
4310
4054
4070
3591
4328
4317
4168
4063
3977
3739
3999
3805
3965
4127
4044
3881
3982
4258
4089
3982
3654
4148
4000
4795
4260
3942
4419
4693
4440
4039
4352
4064
3834
4523
4903
4373
4105
4624
4323
4164
4482
4773
4218
4517
4598
4363
4302
4907
4361
4530
4891
4384
4713
4735
4421
5022
4715
4492
4509
4476
4231
4429
4809
4522
4591
4716
4780
4580
4665
4301
4697
4555
4282
4248
4502
4839
4511
4742
4752
4524
4539
4595
4402
4462
4497
5081
4681
4563
4564
4518
4439
4671
4804
4769
4764
4950
4952
5088
5070
4590
4353
4573
4913
4840
5541
4583
4893
5150
4717
4630
4828
4838
4763
4666
5250
5175
5200
5111
4594
4518
5569
4916
5151
5219
4849
4587
5376
5101
5341
4941
5512
5025
4710
5084
4936
4579
5364
4883
4646
5229
5310
4847
5111
5000
5133
5240
5186
4874
4564
5249
4921
5089
4787
4990
5224
5459
5618
5128
5548
5263
5184
5543
5005
4951
5059
5112
5119
5254
5249
5471
4963
5220
5146
5344
4977
5061
5402
5282
5244
4902
5065
5282
5086
5707
5155
5373
5059
5657
5312
5709
5175
5370
5244
5233
5477
5595
5340
5229
5413
5467
5606
5299
5247
5121
5464
5642
5215
5551
5436
6052
5129
5145
5032
5479
5422
5627
5262
5873
5377
4980
5188
5626
5211
5118
5524
5540
5203
5936
5631
5796
6093
5294
5439
5465
5473
5493
5205
5578
5777
5891
5030
5855
4964
5327
5778
5398
5545
5563
5121
5269
5760
5229
5458
5579
5437
5529
5567
5354
5313
5380
5861
5407
5597
5504
5921
5415
5513
5328
5443
5195
5816
5547
5474
5327
5577
5412
5479
5697
4857
5932
5287
5335
5199
5773
4903
5422
5611
5263
5658
6159
5575
5511
5386
5125
5170
5681
5315
5545
5726
5444
5294
5439
6275
5708
5462
4902
4924
5205
5560
5597
5687
5129
5434
5566
5441
5666
5405
5304
5136
5253
5347
5362
5579
5377
5405
5316
5540
5406
5362
5451
5155
5358
4740
5447
5720
5161
5278
5379
4876
5404
5289
5256
5764
5232
5395
4921
5526
5338
5267
5278
4996
5491
5232
5337
5596
5112
5010
5459
4839
5353
5403
4790
5073
5707
5304
5154
5920
5517
5248
5601
4864
5053
4780
4918
4746
5065
5573
5172
5553
4720
4985
5183
5197
4892
5297
5026
4985
4877
5699
5393
5208
5265
4492
5088
5101
4884
5502
5432
4798
4672
4864
5069
5268
4655
4911
4829
5181
4983
4977
5046
4859
5155
4918
5267
4931
4689
5261
4806
4911
5031
4802
4500
4649
4784
5043
4701
4997
5017
5013
5273
5083
4545
5227
5221
4855
4977
4442
4775
5178
5053
4489
4223
4477
4924
4755
4726
4470
4464
4572
4754
5024
4440
4284
4707
4997
4577
4729
3907
4539
4299
4927
4832
4458
4500
4085
4236
4659
4040
4284
4198
4147
4169
4104
4544
4632
4373
4650
4158
4506
4492
4683
4345
4267
5127
4142
4137
4704
4461
4317
4316
4427
4271
4290
4452
3970
4071
3853
4160
4218
4279
4099
4143
4062
4010
3949
4334
4245
4088
4368
4071
4137
4073
3817
4007
4013
4050
3982
3706
4063
4008
4197
4038
3857
4175
3964
3969
4228
4964
4170
3653
3775
3800
3487
3986
3817
3753
3844
3758
3694
4131
3920
3373
3319
3767
3784
3589
3604
3783
4153
3979
3530
3784
3627
3562
3350
3736
3951
3468
3509
3464
3364
3458
3713
3649
3534
3344
3724
3438
3507
3392
3367
3333
3457
3516
3398
3621
3179
2925
3148
3027
3984
3011
2928
3117
3217
3049
3360
3362
3352
3171
3544
2562
2950
3137
3259
2947
3173
2952
3324
2895
3080
3319
2935
3296
2747
2667
2889
2783
2762
2853
3155
2845
2934
2955
2888
3055
3085
3150
2889
2396
2660
2797
2432
2666
2391
2657
2979
2589
2617
2307
2812
2432
2862
2672
2873
3111
2766
2685
2705
2744
3200
2734
2627
2650
2214
2388
2822
2340
2421
2433
2481
2335
2334
2392
2447
2905
2651
2485
2679
2819
2976
2421
2648
2778
2552
2626
2151
3143
2871
2407
2163
2219
2321
2143
1976
1882
2141
2116
1820
2399
2621
2135
2642
2133
2262
2493
2230
2224
2134
1897
1994
2094
2478
2021
2308
2353
1888
1746
2039
1737
1931
2275
2237
1717
1929
2391
1774
2116
1628
2103
1773
1914
2294
2040
1872
1865
1853
1711
1971
2079
1589
1725
1922
1693
1456
1599
1932
1733
1696
1613
1722
1783
2265
1597
1980
1734
1731
1680
1647
1553
2117
1918
1405
1597
1504
1787
1384
1498
1851
1586
1715
1981
1534
2046
1346
1567
1782
1567
1797
1933
1594
1663
1433
1199
1180
1386
1239
1165
1501
1409
1418
1363
1251
1306
1599
1555
1296
1613
1469
1896
1085
1259
1403
1371
1319
1412
1141
1327
1139
1562
1298
1370
1074
1144
1366
1078
1390
996
873
955
1259
886
1148
1327
1039
1327
1190
1006
824
1056
1508
1184
983
1055
951
1032
1177
907
1172
1118
1371
809
1412
869
1048
800
943
1024
1027
966
862
984
1152
918
1101
969
821
1096
856
1025
929
969
1404
902
1027
966
733
870
936
617
976
872
848
1151
1121
758
1180
881
839
794
1078
878
831
1392
994
735
1107
895
1047
666
953
1061
792
1256
934
1103
857
1077
1141
887
596
773
583
1258
888
615
640
538
1101
748
945
589
842
822
835
807
839
1066
934
679
420
958
1158
842
741
528
773
558
867
749
610
1248
541
758
931
693
856
625
556
589
519
852
610
636
781
678
970
416
955
1090
800
688
801
492
793
686
898
575
974
1103
506
663
690
649
649
649
548
947
729
819
673
495
909
855
603
918
744
748
784
739
568
654
938
854
1167
597
441
857
633
717
851
544
862
593
661
819
467
512
564
632
518
538
684
869
764
661
831
755
711
484
710
781
553
671
926
394
653
593
559
1240
781
646
753
848
645
1033
504
1048
1195
497
425
561
924
542
556
510
612
910
709
1536
958
937
1285
742
797
615
538
1004
549
581
903
722
1179
974
616
638
839
728
668
555
622
735
683
757
736
634
424
591
698
1095
553
650
990
524
876
712
1054
592
871
876
725
844
667
503
551
834
781
596
857
591
863
616
896
726
926
741
636
607
794
681
678
776
1542
1085
749
1100
724
960
840
930
1019
796
668
919
634
928
725
954
808
1192
846
519
976
580
958
896
679
736
964
991
668
992
682
776
924
1203
791
1112
676
891
793
919
678
1062
1195
1284
962
1005
1147
909
979
1149
1024
1069
794
1230
807
922
891
856
1240
1202
1057
1177
998
1279
960
802
1148
946
872
1245
1168
1317
1089
1180
1093
1054
1541
1015
1201
1115
745
1663
1303
1164
1210
1098
1070
1483
1047
1136
1138
1849
1319
1126
1302
1030
1213
973
1129
1025
1394
1187
1529
1250
1458
1305
1403
1469
1413
1018
1396
1393
1221
1379
1366
1257
1842
1328
1429
1390
1364
1316
1504
1485
1388
1369
1629
1535
1425
1362
1585
1540
1488
1504
1239
1759
1859
1504
1687
1409
1356
1285
1666
1956
1826
1895
2254
1884
1531
1814
1883
1809
1570
1484
2279
1868
1946
1688
1608
1951
1858
2253
1541
1811
1864
2248
2217
2423
1690
2043
1545
1954
1649
1979
2181
2103
2387
1613
2159
2060
1824
2084
2021
1963
2044
1879
2209
2181
2126
2076
1995
1706
2092
2267
2401
2199
2182
2121
2096
1991
1885
1965
2030
2612
2242
2059
2161
2168
2395
2186
2390
2005
2191
2499
2357
2352
2517
2625
2268
2517
2161
2367
2395
2078
2727
2445
2886
2558
2674
2268
2521
2614
2941
2840
2381
2633
2403
2610
2857
2204
3338
2334
2485
2862
2740
2256
3040
2805
2675
2522
2721
2860
2579
2685
3060
2785
2260
2937
3432
3050
2387
3199
2734
3460
2649
2926
2919
3137
2735
3125
3086
3090
2430
2936
2922
2723
2451
2956
3032
3406
3297
3477
3508
3279
3267
3118
3452
3433
3080
3112
3154
3776
3140
3469
3276
3263
3249
3724
3205
3183
3594
3166
3415
4140
3448
3096
3686
3009
3335
3669
3136
3276
3383
3211
3164
4125
3342
3520
3967
3697
3432
3483
3289
3252
3553
3346
3876
3634
3195
3350
3162
3986
3589
3829
3573
3898
3248
3979
4059
4429
3757
3582
3651
3752
3752
3459
3705
3314
3976
3743
3545
3641
4017
3782
3786
4291
3690
4261
3887
3885
3897
4375
3706
4039
4119
3457
4185
4389
4047
4102
4077
3492
3967
4181
3928
4176
3891
4187
3812
4420
4483
4176
4297
4684
4214
4143
4045
4246
4912
4118
4447
3937
5020
4243
4325
4323
4703
4448
4347
4356
3850
4664
4915
4395
4354
4468
4156
4337
4245
4739
4220
4657
4737
4371
4505
4475
4623
4390
4506
4404
4254
4598
5001
4788
5183
4979
4675
4799
4259
4215
4842
4779
4579
4892
5127
5023
4422
4797
4894
5287
5013
4939
5342
4777
4686
4746
4302
4491
5018
4809
4527
4434
4775
5060
4701
4998
4669
5063
4796
4604
5148
5222
4928
5200
4577
5031
4963
4532
5214
4283
5020
5378
5379
5515
4627
4965
5220
4717
5155
4964
4947
4937
4903
4781
4904
5374
4718
4740
4957
5359
5045
5120
4798
5046
5051
4926
5243
5188
5764
5207
5285
5238
5140
5913
5326
5370
5503
4967
5403
4911
4777
5210
5563
5238
4939
5403
5337
5523
5117
5197
5658
5120
5095
5685
4693
5383
5699
5405
5778
5327
5456
5590
5441
5133
5245
5253
5341
5659
5527
5397
5442
5709
5648
5290
5587
5072
5325
5403
5793
5519
5418
5383
5540
5238
5465
5688
5544
5693
5781
5886
5227
5774
5644
5539
5469
5617
5909
5176
5075
5558
5673
5013
5317
5711
5139
5316
5779
5795
5665
5409
5623
5587
5241
5321
5690
5611
5713
5596
5631
5098
5579
5568
5728
5502
5564
5668
5649
5437
5921
5572
5638
5896
5428
5520
5832
5293
5563
5971
5700
5373
5651
6107
4986
5687
5193
5766
5687
5872
5410
5350
5411
4973
5782
5836
5158
5341
5578
5639
5527
5703
5915
5556
5896
5841
4935
5118
5457
5537
5004
5404
5354
5911
5273
5586
6380
5660
5884
6015
5762
5709
5366
5722
5106
5668
5718
5680
5985
5757
5236
5638
5769
5486
5384
5450
5656
5416
5267
5292
5769
5181
5200
5101
5934
5690
5565
5206
5437
5382
5142
5491
5483
5554
5960
4972
5083
5767
5378
5422
5432
5447
5802
5516
5473
5558
5572
5512
5574
5679
6000
5229
5389
5437
5213
5811
5411
5543
5414
5677
5360
4900
5210
4897
5867
5722
5588
5376
4980
5203
5239
5590
5245
5590
5676
5208
5182
5537
5014
5086
5353
5459
5080
5102
5492
5473
5379
5256
5283
