Insert ARRIVAL event in providerSet 0 at ts 0
914
699
669
544
750
710
685
452
667
458
383
539
518
554
640
657
554
459
455
658
597
710
725
712
828
623
884
395
675
595
518
787
677
805
698
603
1015
676
719
696
802
572
677
699
574
687
450
514
403
599
755
591
586
662
685
789
389
548
822
420
754
608
393
681
989
493
931
889
1199
975
646
600
760
437
754
718
911
782
594
707
905
697
973
768
825
951
693
734
813
836
372
549
637
789
1030
1338
648
690
1170
868
658
810
824
868
942
756
1236
718
728
811
937
840
958
927
1417
766
599
846
1044
667
801
766
691
698
795
943
1067
819
812
793
910
1193
1106
789
698
814
1133
1039
1080
1028
785
967
1080
1282
755
904
1280
1016
1027
979
948
1225
904
870
1092
962
909
974
994
1289
1044
1072
1170
1257
1202
1161
1254
1549
1097
1052
874
1141
896
1431
1338
795
827
1091
1294
984
926
943
1055
1424
1057
1216
793
1209
1063
1088
1355
1055
1360
924
913
986
1324
1294
1175
938
1204
1171
1321
1271
1466
1317
1013
1538
1285
1289
1084
1230
1858
1126
1350
1532
1553
1401
1632
1372
1556
1053
1439
1625
1457
1123
1437
1260
1628
1363
1226
1468
1253
1472
1270
1374
1899
1564
1622
1320
1598
1024
1293
1271
1820
1544
1116
1723
1575
1659
1762
1359
1383
1447
1701
1396
1492
1562
1496
1609
1372
1396
1895
1808
1712
1471
1672
2006
1621
1820
1886
2012
1891
1852
1655
2046
1787
1580
1634
1854
1577
1894
1549
1683
2024
1549
1951
1737
2389
2183
2266
1891
1936
2027
2188
2067
1731
2001
2207
1956
2021
1813
1889
2093
2267
2114
1555
2192
2633
2937
1985
2061
2327
2202
2215
2128
2186
2401
2180
2407
2334
2696
2174
2581
2156
2386
2630
2450
2373
1984
2326
2304
2365
2075
2202
2144
2370
2308
2288
2980
2696
2593
2472
2346
2361
2551
2669
2833
2375
2666
2343
2285
2592
2768
3063
2757
2189
3116
2866
2683
2556
2701
2694
2569
2880
2347
2838
2841
2534
2586
2785
2815
2818
3168
2914
2936
3003
3032
3830
2644
2739
2660
2726
2932
3126
3043
2987
2775
2807
2803
3102
3315
3078
3029
2857
3096
2961
2981
2762
2850
2939
3167
2805
3153
3345
3467
2935
3383
3266
2795
3101
3092
2991
3165
3392
3168
3207
3268
3227
3396
3131
3340
2843
3367
3354
3598
3234
3209
3645
3531
3304
3144
3515
3587
3293
2962
2950
3604
3205
3711
3911
3343
3825
3451
3481
3410
3642
3662
3769
3848
3138
4084
3495
3442
3381
3522
3299
3332
3631
3882
3837
3523
4281
3871
3579
3916
3484
3385
3617
3704
3423
4047
3844
3854
3998
3738
3867
3885
3967
3746
3872
3722
3740
4459
3904
4547
3879
3939
3760
4015
3651
4240
3964
3674
3750
3946
4163
4059
3967
3750
3844
4251
4289
4325
4179
4376
3901
3937
4069
4525
4367
3994
4326
4121
3857
4035
3893
4734
4390
3692
4111
4112
4085
4108
4413
3939
4396
4675
4465
4430
4124
4168
4351
4180
4123
4191
4439
4438
4082
4245
4498
4679
4083
4183
4063
3969
4149
4099
4207
4811
4315
5298
3904
4164
4258
4696
4870
4193
4718
4708
4304
4490
4838
4722
4365
4757
4424
4119
4546
4653
4562
4138
4564
4422
4462
4633
4541
4542
4207
4905
4370
4406
4659
4829
4753
4922
4698
4913
4443
4665
4224
4799
4417
4641
4969
4521
4371
4526
4846
4910
4752
4673
4494
4550
4609
4136
4379
5016
4513
4765
4693
4818
4378
4902
4771
4604
4994
4965
4573
5165
5002
5113
4322
4508
4709
5270
4540
5106
4845
4766
4834
4701
5185
4594
4565
4711
5455
4677
4955
5069
4941
4982
5005
4630
4614
4802
4716
4907
4322
4645
4747
4598
4818
4969
4946
4898
4713
4836
5179
4362
4904
5193
4645
5134
5049
4909
4985
4875
5038
4830
5182
4955
4833
5007
5390
4918
5070
4663
5101
4719
5410
4761
5247
4942
4814
4995
5194
4862
4714
4957
5595
5259
5111
4553
5187
4484
4500
4578
4683
5114
4827
5377
4629
4832
4662
4844
4960
5282
5204
4979
4995
4989
5065
5019
5190
5217
5052
5072
4649
4849
4561
4735
4758
4833
4605
5101
4750
4684
4802
4933
5327
4706
4933
4795
5079
4849
4800
4869
4682
5083
4757
4907
4888
4967
4735
5078
4952
5381
4728
5235
4956
4998
5163
5231
4790
4911
4751
4962
4566
4713
4949
4770
4756
5024
5238
4673
4985
4685
4683
4909
4604
4712
5224
4766
5158
4987
4657
4767
5369
4863
4901
5127
5285
4881
5155
4651
4690
4411
4753
5021
5071
4860
5033
4878
4924
4631
4725
4976
4831
4735
4798
5066
4455
4959
4644
4937
4620
4721
4664
4485
4692
5202
4146
5192
4927
4932
4936
4302
4319
4563
5098
4311
4834
4958
4930
4249
4975
4432
4276
4393
4589
4304
4876
4737
4651
4436
4870
4842
4616
4852
4461
4375
4818
4576
4594
4954
4929
4800
4676
4635
4619
4723
4234
4175
4793
4035
4383
4676
4825
4649
4472
4140
4372
4653
3952
5092
4601
4578
4394
4727
4470
4822
4420
4632
4563
4839
4490
4413
4109
3981
4174
4602
4664
4167
3971
4176
4100
4509
3705
4186
4166
3865
4344
3923
4593
4337
4067
3898
4146
4439
4188
4102
4077
4169
3970
3991
4466
3860
4053
4178
3590
4137
4323
4251
3735
3855
4208
3858
4592
4098
4461
4501
4168
4043
3872
4325
4222
3922
3406
3833
3768
3892
3879
4203
4178
3888
3920
4063
3669
4039
3650
4265
3722
4116
3545
3762
4010
3819
3468
3708
3720
4223
3947
3497
3769
3745
3752
3884
3560
3880
3764
3349
3888
3691
4117
3734
3679
3508
3776
4059
3515
3805
3922
3442
3657
3441
3473
3534
4007
3633
3187
3502
3391
3518
3494
3092
3315
3180
3626
3257
3740
3172
3569
3508
3195
3276
3471
3155
2886
3159
3205
3343
3726
3491
3356
3124
3689
3292
3250
3333
3022
2955
3034
2941
2837
3122
2838
2878
3347
2939
2768
3244
3013
2894
2832
2842
3023
3206
2721
3074
3563
3099
3202
2841
3066
3105
3164
3014
3107
2812
3195
2691
2962
2575
3026
2372
3014
2820
3050
2961
3010
3065
3042
2608
2881
2682
2850
2551
2598
2742
2754
2780
2746
2811
2429
2833
2401
2536
2374
2917
2621
2565
2889
2627
2434
2859
2222
2534
2908
2087
2635
2649
2502
2401
2541
2277
2758
2416
2426
2247
2342
2623
2303
2374
2212
2778
2105
2102
2236
2161
2291
2356
2407
1892
2129
2247
2010
2355
2090
2153
2146
2061
1899
2006
2159
2003
2463
1958
2180
2462
2433
2219
2345
2240
2204
1985
1848
1926
1776
1981
1894
1730
1798
1729
1928
1839
1797
1991
2202
1820
1751
1851
1922
1924
2051
1954
1584
1751
1475
1841
2361
2127
1733
1965
1775
1793
1730
1797
1697
1580
1530
1896
1387
1751
1626
1783
1670
1511
1688
1929
1543
1364
1413
1637
1684
1188
1617
1437
1929
1272
1288
1662
1836
1605
1520
1812
1783
1905
1755
1172
2101
1402
1747
1177
1353
1275
1109
1383
1326
1722
1647
1562
1576
1362
1405
1007
1538
1225
1330
1142
1069
1074
1082
1074
1363
1168
1294
1527
917
1098
1272
985
1039
1153
1207
1413
1221
1455
1553
1497
1193
1539
1140
1347
1534
855
809
1103
1072
982
1326
1395
1106
779
1242
805
990
1032
964
1212
996
1101
859
1036
938
982
760
713
1052
1250
799
854
1080
981
938
976
893
974
698
775
1036
947
1067
832
1069
770
906
1232
867
848
907
1108
1047
706
952
843
861
786
1236
904
603
953
809
996
1016
968
647
783
1017
899
731
977
863
1049
858
708
928
900
789
931
656
681
481
849
707
1054
847
970
842
656
858
607
739
826
926
622
536
756
676
698
530
691
756
1111
666
1390
1122
607
583
854
523
594
1011
653
857
455
981
824
890
493
987
830
665
772
848
931
682
460
858
785
827
684
515
729
631
597
1000
750
601
686
580
731
411
553
512
576
833
534
504
402
726
765
658
854
644
583
708
600
744
636
507
783
556
388
483
964
530
693
512
731
880
870
975
980
400
633
922
748
683
735
618
843
996
743
669
532
546
675
543
817
540
820
739
669
605
928
499
782
547
726
563
677
792
782
820
490
595
858
1054
734
663
774
346
397
821
572
403
575
819
654
584
501
439
634
624
470
739
701
726
579
964
1053
549
845
823
874
862
645
646
779
673
877
428
731
349
582
955
625
532
728
626
994
685
501
632
1072
767
597
840
756
547
787
602
574
445
824
572
863
523
601
950
696
593
613
596
740
806
963
883
634
483
872
718
1011
838
769
405
811
720
795
759
857
684
742
635
440
971
923
778
789
741
680
581
672
781
641
609
765
696
771
905
844
744
759
607
846
608
1206
965
1094
638
759
753
1059
691
890
580
609
697
996
923
731
944
588
939
985
734
951
714
923
840
858
962
1105
736
1039
903
1127
555
1132
764
766
1349
1028
876
783
890
969
885
1032
1057
835
1195
1132
738
639
842
913
1032
879
1290
865
1021
849
1225
981
1079
936
1134
1011
1024
825
874
814
1040
1070
1256
784
1210
1051
1072
920
1377
1259
1353
1010
1167
1245
1205
894
1147
1321
1037
1294
1029
790
1327
1215
1212
1040
1046
1228
1058
1812
1182
1414
1095
1300
1422
1303
1066
1359
957
1169
1148
1405
1239
1074
1041
1426
1462
1362
1433
1341
1226
1184
1168
1543
1443
1563
1675
1375
1720
1291
1822
1889
1281
1542
1340
1433
1432
1233
1371
1585
1559
1710
1533
1427
1454
1552
1818
1454
1543
1448
1634
1705
1377
1779
2001
1926
1708
1612
1373
1553
1493
1858
1599
1251
2111
1699
1718
1921
1543
2070
1757
1663
2010
2214
1638
1539
1529
1782
1890
1802
2079
1878
1633
1787
2099
2438
2034
2084
1806
1602
1649
1951
2070
2106
2372
1914
2321
1747
2052
2243
2502
1939
2111
2131
2075
2045
1853
1909
2186
2047
1809
2001
2093
1917
2165
2259
2456
2464
2203
2284
2485
2387
2470
1777
2174
2444
2714
2357
2252
2865
2332
2808
2805
2433
2244
2475
2583
2591
2581
2436
2495
2845
2202
2191
2317
2577
2076
2380
2561
2746
2898
2354
2982
2525
2689
2802
2482
2594
2486
2289
2644
2756
2803
2325
2485
2591
2477
2722
2268
2874
2942
2896
2730
2725
2906
2724
2937
2777
2709
3018
2698
2843
3068
2819
2734
3039
2607
2991
2867
2950
3081
3076
3129
2815
3186
2625
2926
3034
3102
3103
3187
3137
3667
3031
3065
3267
3282
3417
2897
2858
3029
3332
3028
3398
3313
3222
3069
3321
3471
3459
3229
3185
3323
3369
3140
3364
3473
3247
3446
3252
3474
3202
3317
3385
3265
3357
3393
3259
3447
3617
3374
3378
3256
3288
3562
3653
3532
3614
3154
3591
3663
3217
3444
3892
3901
3833
3555
3878
3528
3561
3610
3824
3615
4059
3631
3683
3967
3665
3740
3624
3718
3348
3702
4249
3735
3628
3849
3815
3752
4420
4164
3724
3830
3747
3966
4029
4286
3967
3712
4038
4031
3727
4023
4040
4046
3711
3844
3980
3760
3894
4069
3957
3901
4088
3947
3779
3910
3923
3859
3903
4054
3613
4195
4136
4232
4273
3795
3886
4129
4075
3902
4646
4052
4038
4013
3965
4080
4385
4240
4294
4117
3761
4141
4354
4565
4700
4087
4247
4269
4119
4559
4186
4178
4093
4366
4168
4578
4487
4159
4358
4105
4316
4166
4541
4270
4814
4231
4208
4215
4551
4643
4301
4566
4454
4264
4678
4621
4829
4256
4163
4360
4358
4353
4666
4252
4524
4277
4493
4528
4735
4518
4537
4293
4256
4718
4287
4339
4808
4213
4120
4331
4473
3905
4415
4520
4656
4519
4448
4623
4428
4726
4475
4376
4753
4204
4436
4570
4910
4710
4523
4528
4709
4490
4680
4647
4780
4210
4619
4684
5104
4253
4589
4772
4611
4503
4387
4522
4474
4826
4200
4576
4556
4534
4752
4486
4650
4509
4624
4979
4403
4773
4718
4775
4683
5402
4881
4800
4885
4782
4740
4548
5057
4888
4811
4852
4875
4765
4682
5013
4992
4709
5101
4748
4698
4958
4848
5057
5271
5141
4681
5057
5080
5118
4779
4707
5012
4545
4674
4814
4800
4486
4618
4696
4697
5278
4957
4598
4666
4831
5119
4660
4788
5002
4812
4548
4553
5035
4703
4596
5323
4728
5178
4655
4764
4747
4849
5161
4834
4943
5455
4588
5099
4925
4451
5492
5031
4714
4548
4912
4774
4370
4980
5118
4643
5115
4758
4832
4632
4689
4805
4596
4657
4693
4741
4708
4797
4828
4723
5212
5074
4868
4673
4750
5038
5317
4835
5023
4994
4667
4554
5431
5182
4739
5066
4687
4735
4687
4683
4796
4648
4747
5032
4547
5110
4803
4653
4390
4566
4575
4561
4438
4736
5440
4904
4788
4541
4868
5190
4905
4521
4408
4765
4810
4720
4263
4303
4726
4517
4783
4715
4447
5206
5257
4586
4850
5081
4345
4940
4897
4738
4476
4646
5016
4487
4691
4863
4376
4632
4146
4736
4589
5126
4732
4643
4508
4295
4769
4908
4404
4811
4707
4617
4646
4720
4711
4192
4217
4369
4527
4700
4115
4513
4565
4690
4424
4311
4522
4424
4773
4171
4574
4088
4431
4176
4477
4659
4272
4370
4086
4493
4460
4325
4391
4226
4303
4263
4582
4416
4209
4445
4235
4532
4654
4180
4116
4200
4356
4238
4300
3915
4747
3853
4233
4305
4397
4552
4163
4168
4043
4358
4290
4273
3937
4347
4377
4032
3916
4356
4011
4144
4158
3966
4220
4060
4445
3787
4285
3927
3784
4166
4223
4070
3657
3559
4204
3806
4007
3771
3814
4094
4279
3906
3557
4046
3650
4080
3903
3848
3664
3684
4359
4364
4244
3752
4011
3915
3740
4076
4217
3949
3759
3821
3714
3947
4016
3864
3759
3941
3788
3957
3891
4080
3561
4306
3698
3589
4018
3826
3877
3597
3855
3342
3575
4110
3720
3734
3677
4016
3937
3555
3184
3316
3647
3698
3392
3383
3763
3222
2889
3032
3799
3671
3655
3340
3420
3362
3638
3184
3281
2921
3046
3332
3552
2966
3320
3185
3292
3551
3198
3568
4068
3482
3219
3149
3507
3260
3407
2834
3002
3089
3049
3050
3229
3240
3142
3088
3110
2901
3105
3300
2973
3098
3266
3276
3086
3020
3202
3004
3012
2761
2993
2997
3115
2837
2898
2902
3220
3026
3023
2761
2736
2846
3173
2824
2828
2877
2965
2550
2666
3084
2740
2636
2534
2706
2384
2691
2937
2776
2896
2472
2304
3382
2658
2459
2762
2672
2645
2810
2530
2560
2370
2691
2612
2569
2572
2516
2785
2315
2400
2469
2683
2799
2100
2361
2537
2580
2515
2587
2318
2531
2457
2711
2230
2256
2693
2129
2227
2636
2161
2156
2470
2514
2322
2142
2150
1928
2327
1954
2049
2141
2240
1902
2009
2355
1820
2188
1827
1894
1961
2339
2476
2039
2009
1955
1893
1872
2254
1647
1929
1941
2191
1858
2149
2044
2314
1800
1656
1796
1707
1798
2090
1794
1570
1822
2037
2018
2073
1996
1517
1707
1992
1820
2134
1738
1875
1757
1760
1760
1783
1640
1589
1813
1516
1644
1526
1520
1562
1409
1657
1895
1377
1409
1697
1369
1787
1625
1734
1683
1297
1580
1466
1145
1666
1503
1474
1670
1480
1372
1515
1546
1737
1354
1364
1280
1606
1460
1230
1402
1452
1092
1158
1335
1445
1260
1281
1753
1234
1560
1265
1213
1350
1294
1223
1464
1133
1370
1339
1146
816
1099
1296
1364
1602
1292
1869
1216
1153
1367
1422
1593
1410
1206
808
1182
1038
970
1187
1401
997
870
1667
1173
1031
1118
967
1113
1056
1018
753
1279
884
991
1208
956
1056
704
793
1036
964
719
1060
839
995
950
1140
969
932
982
928
752
937
942
888
1047
931
964
954
771
604
783
844
813
758
967
803
907
1042
1285
872
851
1204
912
789
1144
762
904
984
823
785
1060
836
659
758
1248
917
853
1061
798
896
1212
1226
982
916
988
650
718
806
660
509
614
694
510
792
841
1039
1007
590
702
839
1028
814
672
788
787
658
555
840
768
465
763
808
826
870
561
743
575
1027
562
613
737
585
529
652
818
882
854
626
771
1106
773
572
706
691
440
846
421
683
671
892
402
657
456
785
406
735
552
618
996
758
962
564
585
516
908
649
670
750
1209
848
432
638
361
607
804
634
499
704
622
745
517
657
801
629
562
686
613
568
857
457
762
792
820
602
598
920
377
499
441
590
894
579
975
904
1168
441
565
626
641
706
301
371
635
494
666
807
771
490
446
488
737
733
600
563
698
671
711
667
715
680
518
540
527
574
502
670
682
1039
814
572
446
671
388
447
768
527
775
646
509
450
787
508
455
534
672
614
528
613
356
754
735
659
390
528
418
582
504
524
619
596
750
500
441
634
582
557
625
737
601
374
741
760
692
503
508
844
577
543
546
651
435
506
786
412
662
702
622
564
340
618
841
691
535
804
602
512
368
506
485
577
940
469
620
753
740
544
709
724
879
665
683
570
576
645
685
534
753
685
760
731
999
640
468
547
762
580
794
834
540
473
626
468
498
570
528
865
517
726
723
829
755
557
744
936
799
590
797
703
619
816
794
708
897
744
828
745
661
674
690
625
850
804
794
1024
940
615
1157
981
682
662
826
1206
802
1006
856
895
932
1109
1225
736
834
796
902
749
885
1011
864
885
930
705
935
1025
869
1029
643
781
884
927
1164
1383
867
850
1336
1249
1149
900
744
920
991
1170
780
862
996
1087
960
1234
1078
890
1167
1148
1003
1325
1359
970
1127
1237
904
1310
1155
1181
1320
1507
1418
1025
828
1204
1145
1146
1023
1675
1328
1384
975
1126
1398
1122
1611
1164
1014
1178
1478
1270
1097
1251
1148
1531
1212
1431
1257
1189
1489
1139
1248
1605
1091
1553
1136
1649
1543
1331
1567
1294
1594
1596
1429
1256
1359
1228
1585
1552
1503
1813
1584
1739
1671
1915
1868
1613
1626
1521
1375
1918
1898
1539
1821
1912
1656
1877
1908
1781
1921
1593
1654
1825
1508
1646
1740
1803
1791
1711
1871
1858
1929
1762
1916
1769
1871
1656
1757
1963
1580
1673
1744
1870
2163
1724
1864
1651
1943
1886
1931
1773
1862
1898
1786
2017
1997
2229
2315
1986
1822
1952
2339
2332
2069
2002
2194
2246
2129
2224
2355
2276
1949
1991
2267
2207
2124
2037
2227
2604
2077
2613
2125
2185
2074
2247
1914
2421
2162
2601
2227
2671
2329
2166
2090
2234
2420
2417
2227
2446
2525
2554
2350
2359
2569
2617
2374
2519
2364
2496
2481
2632
2592
2441
2353
2448
2613
2342
2538
2284
2606
2431
2509
2833
2490
2573
2325
2801
2481
2677
2625
2859
2965
2495
2479
2631
2671
2851
3065
2597
2938
3091
2861
2486
2627
2742
3255
2730
2929
2644
2813
3048
2811
2865
2734
3288
2703
2981
2902
2732
3137
2351
2824
3155
2687
2865
2911
3343
3433
3091
2909
2905
3195
2943
2950
2668
2996
3493
3315
2691
3142
3094
3046
2995
3241
3240
3142
3371
2967
3126
3310
3003
3319
3239
2936
3127
3251
3208
3201
3304
3678
3146
3255
3470
3062
3523
3358
3187
3556
3007
3337
3159
3811
3427
3226
2916
3550
3587
3435
3573
3018
2885
3479
3448
3519
3479
3835
3162
3290
3181
3870
3569
3566
3490
3672
3425
3203
3442
3541
3926
3450
3493
3361
3477
3866
3302
3633
3595
3520
3583
3074
3603
3813
3865
4116
3172
3479
3722
3779
3605
3667
3587
3616
3802
3496
3812
4016
4344
3729
3801
3971
3561
3610
4142
3908
3440
3603
3607
3893
3871
3624
3627
3823
4038
3574
3888
3876
3676
4036
3791
3854
3731
3839
3957
3571
3753
3887
3755
3712
4148
4269
3937
3932
4056
3955
4280
4225
3976
4012
4000
3977
4124
3943
4252
4471
4514
4070
4177
3838
3932
4042
3996
3841
4350
4178
4283
3926
4089
3750
4124
4318
4259
4469
4209
4051
3868
3726
4613
4039
3825
4443
4288
4437
4551
4182
4091
4032
4084
3980
4176
3709
3970
3838
3872
4388
4471
4314
4095
4528
4061
4149
4050
4590
4052
4065
4530
4129
4231
4273
4000
3925
4526
3940
4256
4088
4607
4004
4232
4413
4435
4163
4251
4159
4281
4049
4192
4306
4031
4169
4278
4148
4363
4120
4184
4341
4256
4474
4311
4075
4350
4140
4512
4270
4533
4281
4300
4222
4122
4379
4335
4614
4089
4511
4300
4502
4631
4535
3954
4888
4344
4088
4156
4423
4233
4183
4454
4113
4579
4189
4321
4479
4448
4198
4570
4258
4417
4312
4298
4321
3954
4491
4146
3996
4581
4012
4254
4502
4296
4321
4604
4152
4481
4556
4059
4232
4079
4571
4255
3970
4016
4461
4457
4754
4754
4525
4048
4176
4856
4439
4562
4125
4769
4203
4450
4190
4355
4532
4500
4636
4129
4317
4379
4305
4026
4293
4397
4394
4583
4481
4020
4470
4286
4446
4090
4333
4447
4223
4518
4206
4115
3995
4197
3996
4430
4002
3777
4137
4071
3829
3697
4216
4290
4258
3837
3764
3970
4584
4294
4237
4448
4061
3954
4382
4281
3954
3952
4303
4161
4529
4432
4597
4074
4178
4114
3619
3812
3546
4241
4126
4185
4465
4118
4504
4096
4400
4306
4096
3686
4051
3765
4113
3990
4569
4387
4202
3983
3883
3988
3909
3973
4130
4200
4273
4563
4176
4320
3811
4225
4521
3826
4638
3671
4332
3563
4168
3948
4211
3878
3881
4319
3837
4224
4287
4083
3884
4068
3825
3998
3787
3736
3991
4198
3896
4365
4413
3624
3764
4184
3963
4069
3810
4226
3991
4231
4052
3839
3702
3969
3726
4179
3914
3743
3700
4286
3816
4352
3563
3704
3830
4005
3757
3770
3684
3416
3653
3741
3745
4181
3737
3827
4103
3626
3767
3492
3831
3867
3616
3561
3715
3736
3483
3788
3693
3617
3570
3817
3678
3879
3353
3846
3587
3694
3555
3328
3568
3802
3537
3734
3445
3401
3591
3703
3426
3440
3410
3206
3651
3172
3389
3082
3330
3351
3415
3345
3282
3151
3455
3324
3263
3349
3331
3092
3427
3252
3413
3040
3517
3475
3304
3404
3272
3686
3049
3571
3567
3175
3222
3366
3384
3136
3187
3042
3208
3479
3110
3031
3120
2846
3186
3767
3267
3044
3386
2926
2970
3104
3438
2701
2882
2933
3062
2938
2972
3434
2772
3376
2931
2955
3447
3062
3283
3264
3225
2826
2994
2840
2976
2723
3062
2649
2990
2814
2666
2490
2613
2534
2476
2831
2772
2512
2741
2678
2681
2659
2525
2747
2732
2470
2995
2721
2533
2494
2569
2451
2505
2403
2681
2485
2556
2926
2709
2574
2577
2633
2565
2411
2464
2724
2600
2332
2221
2429
2378
2333
2715
2411
2332
2442
2328
2601
2343
2488
2266
2250
2609
1807
2349
2355
2403
2523
2487
1883
2623
2277
2398
2207
2273
2302
1975
2151
2340
2383
2158
2227
2375
2133
2198
2022
2011
1821
2096
2037
1933
2292
2224
2575
1968
2280
2040
2209
2032
1701
1965
2158
1865
2183
1841
1842
1893
1894
2016
1656
1995
2221
1850
1950
2101
2231
2079
1646
1663
2093
1980
1826
1979
1521
2251
1818
2160
1657
1847
1634
1734
1374
1633
1726
1834
1458
1650
1522
1959
1794
1562
1635
1812
1487
1863
1657
1700
1527
1810
1416
1611
1496
1555
1823
1523
1545
1445
1770
1570
1680
1812
1609
1482
1018
1462
1403
1560
1391
1367
1559
1394
1227
1493
1441
1427
1114
1209
1479
1510
1475
1612
1502
1663
1388
1071
1679
1290
1761
1560
1366
1403
1279
1564
1270
1212
1446
1443
1416
1082
1299
1416
1262
950
1136
1027
1307
942
1223
1284
958
1230
1002
1234
1193
891
1267
1206
1302
1067
813
1275
1163
978
1062
1273
1089
1202
993
1041
1096
1334
1283
774
1035
865
913
914
977
773
819
944
982
1289
1022
835
1128
925
1004
1041
897
1233
1083
887
930
690
929
1031
805
668
991
1193
862
673
1202
945
895
991
886
962
737
771
623
1222
1168
641
812
828
932
1018
817
982
1013
982
916
696
885
620
902
711
968
819
449
829
982
1024
979
865
732
1028
660
550
845
575
822
701
777
604
782
894
581
684
695
702
1031
638
854
635
498
727
515
670
819
562
705
501
1014
948
563
748
747
741
842
673
630
676
688
521
841
738
512
735
622
569
533
539
732
561
758
459
385
521
687
460
406
458
594
517
453
451
677
557
686
602
398
659
582
426
594
438
612
410
531
693
795
465
908
823
482
663
826
628
674
606
519
636
542
483
648
520
546
552
412
628
312
451
459
617
780
480
816
648
620
602
319
364
881
535
510
775
539
917
735
568
795
449
408
392
417
780
528
466
592
752
648
576
640
752
694
426
664
571
385
529
513
551
450
721
420
410
889
524
495
656
404
695
408
979
881
694
497
627
563
605
708
644
678
600
754
830
1051
607
581
949
606
629
944
866
933
565
647
815
653
675
942
639
653
926
690
557
947
946
744
722
660
760
733
1259
1338
521
914
669
993
1018
865
699
1045
681
993
697
924
687
881
803
532
573
773
833
607
714
512
940
1063
713
990
522
1202
803
1037
717
784
879
1063
875
785
1130
703
1022
671
772
708
877
930
1059
756
572
838
808
835
683
682
750
936
871
1012
763
1124
970
715
826
895
903
1392
789
830
801
845
1031
1579
1124
1183
1070
674
1020
812
917
969
1080
655
1309
824
2274
975
573
1048
1446
1306
799
713
1035
921
934
721
1005
1495
1018
1102
1069
1291
1400
1563
1217
1293
996
1104
1255
1040
1229
836
1053
1582
1274
1030
1001
1159
1720
933
982
1354
909
1052
1128
1361
1916
1211
990
1522
858
1640
961
1587
1377
1313
1219
1348
1258
1383
1503
876
1037
1968
1374
1337
1266
1406
1626
1013
1458
1188
1267
1692
1344
1160
1392
1527
1570
1647
1520
1402
1481
1353
1090
1665
1592
1813
1371
1308
1369
1828
1455
1631
1363
1924
1346
1741
1837
1657
1360
1573
1780
1460
2013
1346
1999
2219
1074
1339
1747
1183
1400
1982
1677
1398
1536
1838
1798
1645
2110
2260
1614
1746
2160
1929
1726
1894
2344
2058
1910
2088
1895
2084
1783
2097
1920
2069
2314
1978
1836
2086
1747
2002
1881
2142
2030
1859
2346
2043
1885
2438
1919
2543
2296
2230
2363
2333
2416
2524
2007
1924
2284
2091
2423
2116
1855
2065
2646
2019
2202
2406
2483
2293
2052
2134
2106
2437
2635
2322
2639
2255
2738
2864
2239
2161
2085
2693
2369
2242
2541
2584
2480
2642
2351
2904
2596
2687
2824
2699
2889
2595
2694
2626
2922
2618
2886
2666
2866
2793
3104
2408
3099
2891
2834
2498
3150
2679
2957
2997
2820
2783
2906
3015
3181
2711
2968
3226
2092
3038
3125
2991
2852
3013
3082
2912
2705
2592
2914
2852
3311
3219
2976
3206
3254
3140
3823
3620
3277
3480
2783
3348
2984
3145
3531
3332
3450
2942
3218
3642
2901
3619
3266
2759
3870
3091
3253
3656
3668
3322
3510
3964
3300
3045
3179
3760
3945
3537
3233
3633
3683
3845
4210
3633
3514
3986
3631
4021
3888
3457
3623
3679
3743
3601
3606
3465
3572
3449
4463
3262
3935
3408
3834
3870
3802
3774
4166
4280
3699
4379
4398
3813
3822
4137
3663
4229
3859
3742
4492
4266
4360
4082
4080
4022
4318
4311
4058
4070
4121
3950
3617
4161
4130
4476
4371
4042
4650
4472
3891
4764
4816
4494
4751
4235
4117
4501
4322
4313
4284
3936
4161
4128
4575
4060
4399
4030
4702
4451
4526
4339
4617
4791
4382
4737
4231
4382
4449
4289
4506
5145
4200
4099
4398
4155
4661
4593
4429
5040
4336
4564
4872
4198
4722
4860
5047
4517
4536
5167
4721
4692
4700
4985
5317
5158
4413
4952
4169
4862
4921
4722
5246
5152
4762
5061
4731
4370
5409
4957
5006
5051
5036
5429
5402
5028
4569
5042
4990
4516
5020
5035
5433
5234
5076
5031
5403
4920
5269
5706
4728
5441
5080
5229
4958
5384
4929
5093
5239
5205
4910
5158
5176
5322
5064
5010
5402
5033
5724
5155
5277
5281
5500
5429
5030
5406
5285
5735
5360
5140
5699
5934
5251
5651
5508
5870
5728
5498
5265
5391
5448
5740
5739
5529
5447
5597
5136
5713
5389
5012
5854
5414
5446
5843
4923
5658
5308
5597
5038
5584
5565
5624
5844
5217
5548
5490
5813
5828
5580
5286
6118
5452
5411
5633
5576
5298
5236
5330
5856
5853
5680
5904
5739
5690
5815
6023
5858
5797
6279
5322
5534
5572
5557
5807
5622
5644
6115
5933
5372
5178
5797
5695
6062
5520
5591
5553
5500
5636
5024
6322
5532
5994
5569
5967
5774
6078
5533
6014
5238
5352
6076
5953
5729
5727
5388
5867
6029
5887
5821
5737
5619
5579
5335
6794
5614
5635
5433
5831
6064
6003
5895
6138
5570
6186
5739
5284
5896
5613
5715
6061
6045
5456
5960
5296
6025
5913
5793
5575
6002
5999
5707
5632
5918
5380
5895
5506
5767
5707
5883
5765
5610
6022
5464
5391
6127
5760
5861
6158
5481
6021
5902
5677
6463
5521
5641
6090
5650
6223
6172
5857
5417
5721
5588
5589
6281
6027
5867
5515
5674
5635
6042
6010
5441
5886
5281
5868
5943
5513
6266
5550
5656
5789
5447
5873
5354
5771
6013
5211
5537
5669
5917
5779
5478
5884
6001
5552
5950
5929
5669
5641
6069
5899
5761
5809
5235
5656
5635
6061
6235
5814
5805
5639
5593
5363
5232
5420
5279
5322
5614
5607
5478
5362
5189
5425
5423
5499
5864
5125
5055
5154
5552
5318
5347
5330
5738
5688
6053
5837
5591
6019
5185
5451
5178
5817
5301
5381
5080
5501
5444
5757
5653
5265
5680
5818
5376
5119
4854
5675
5687
5029
5453
5585
5820
5318
5317
5439
5774
5457
5241
5003
5446
5466
5051
5590
5163
5195
5108
5202
5767
5781
5493
5488
5760
4652
5259
5250
5095
5573
5087
4857
5220
4866
4826
5161
5590
5085
5347
5667
5132
5247
5399
5125
5223
4969
5616
5104
5357
5529
5233
4982
4815
5153
4315
4769
4889
5230
5178
4842
5103
4853
4411
5011
4651
5258
4898
4721
4969
5078
4610
4813
4959
4525
4558
4704
4797
4616
4710
4695
4904
4608
4784
4628
4335
4952
4855
4410
4958
4422
5239
4420
4500
4497
4394
4322
4957
4473
4617
4816
4450
4748
4455
4416
4328
4233
4626
4159
4326
4583
4635
4380
4733
4237
3846
4424
4419
4196
4445
4182
4680
4245
4116
4270
4320
4337
4290
4064
3657
4299
4206
4182
4247
4149
4855
4080
4155
3906
4007
4074
4249
3860
4090
3850
3972
3948
4409
4415
4396
3928
4412
3786
4057
3532
3995
3870
3807
3806
4272
4027
3713
4268
3801
3875
3633
4700
3718
3691
3689
3951
3756
3665
3692
3660
3417
4049
3749
3887
3482
3563
4099
3592
3632
3418
3343
3419
3477
3131
3644
3310
3754
3784
3026
3546
3323
3586
3442
3191
3089
4196
4243
3492
3539
3702
3334
3723
3414
3291
3068
3338
2953
3056
3071
3225
3280
3179
3373
3635
3178
3367
3416
3779
3164
2665
2569
3156
2914
2870
3355
3151
2970
3221
2820
3568
2873
3491
3327
2797
3273
3010
3480
3008
3341
2677
3098
2946
2840
2994
2979
2848
2991
2630
2796
2639
2966
2473
2696
2404
2294
2540
2658
2791
2476
2665
2290
2431
2933
2735
3010
2163
2638
2465
2838
2052
2903
2380
2869
2305
2548
2342
2498
2520
2607
2264
2281
2503
2027
2587
2516
2409
2845
2382
2175
2113
2643
2725
2027
3194
2312
1978
2014
2240
2427
2341
2120
2416
2184
2106
1527
2388
2002
2176
2248
2027
2363
2116
1935
2337
2161
2661
2008
1923
2010
1763
2175
1865
2713
1566
1796
1635
1685
1994
1979
1698
1788
1634
1783
2121
1795
1690
1694
1888
1971
2476
1759
1581
1581
1911
2220
2062
1644
1904
1797
1760
1407
1678
1436
2004
1882
1693
1715
1352
1392
1523
1609
1521
1534
1820
1400
1473
1890
1287
1979
1428
1364
1421
1603
1422
1586
1335
1625
1353
1359
1440
2095
1296
1228
1928
1431
1448
1112
1708
1532
1550
1155
1411
1327
1434
905
1011
956
1637
1207
1027
1279
1317
1343
1314
1281
1298
1317
1760
1487
967
937
1114
1051
987
1168
1081
1564
1262
893
1198
1273
1114
1094
1087
1085
1170
1469
1323
1243
1287
689
1120
1154
1429
1220
1128
927
1129
1140
1502
775
809
1161
1113
965
1173
1355
1118
844
964
1273
1029
936
1110
1141
920
598
1326
997
862
1230
1363
985
670
1018
1139
848
894
1286
780
997
915
1404
850
790
806
774
701
1295
1122
1030
698
1023
836
550
430
928
1201
920
715
891
1039
1099
695
753
737
699
949
842
1094
798
688
711
1101
1156
1295
918
1007
1196
893
623
903
569
981
745
1047
974
660
931
673
1019
728
965
584
1205
868
720
888
448
739
500
869
612
705
1126
979
636
688
509
1029
1056
554
717
732
591
854
564
518
606
627
456
758
1210
828
839
868
572
924
763
673
842
672
983
658
963
1021
811
632
568
1146
678
961
1250
729
875
699
623
708
881
661
663
572
826
743
725
902
1245
868
710
846
1112
430
882
848
723
738
508
1046
777
603
396
481
630
633
823
499
557
412
477
452
594
490
510
680
699
414
361
539
404
385
461
556
486
513
380
435
556
505
481
508
580
606
448
504
300
321
574
720
492
415
623
367
452
474
509
496
444
636
597
542
754
641
412
300
480
487
448
509
473
406
642
742
400
379
569
549
437
449
572
680
584
689
583
521
590
861
580
569
598
507
500
870
721
349
882
555
401
330
517
584
736
887
877
472
499
601
766
706
829
471
754
425
781
576
692
831
448
594
870
651
968
660
677
551
871
805
458
440
574
580
766
555
946
658
537
643
655
666
629
775
1042
737
942
870
776
630
716
773
583
815
570
728
1120
875
701
715
747
809
662
813
794
834
629
798
829
763
964
996
625
667
814
787
1007
823
943
727
853
982
1038
738
696
837
617
863
964
945
690
1003
1003
956
1024
873
915
1032
1179
891
1427
802
1469
869
786
1015
1051
1151
905
978
1127
1154
1082
959
1055
1375
1248
1079
833
816
1024
857
1155
1393
843
1192
1114
1249
1134
1218
990
1006
911
1243
1023
1373
1323
1025
1209
981
1060
1221
1217
1292
1240
1212
1029
1361
1227
1171
1311
1040
1604
1212
1150
1392
1229
1432
1268
1050
1108
1289
1212
1272
1464
1527
1349
1342
1090
1373
1331
1297
1037
1247
1506
1402
1078
1355
1313
1415
1596
1526
1262
1328
1295
1323
1551
1712
1757
1296
1502
1398
1589
1925
1904
1531
1436
1799
1463
1525
1571
1760
1715
1660
1405
1863
1453
1605
1301
1797
1645
1546
1478
1621
1842
1686
1846
1753
1499
1760
1858
1427
1314
1602
1928
1867
1739
1679
1880
1838
1780
1881
1445
1825
1757
1829
1980
2080
1689
1737
1807
1824
2041
1855
1746
1697
1912
1843
2121
1769
1749
1864
1892
2253
2053
1948
1973
1954
1981
1910
1964
1569
2058
2025
2347
2286
1974
1889
2104
2291
2030
1985
2127
1985
2186
2172
2715
2155
2334
2286
2233
2014
2348
2039
2265
2517
2200
2103
2261
2218
2464
2300
2359
2286
2071
2475
2284
2143
2472
2242
2495
2247
2413
2194
2435
2428
2813
2776
2355
2618
2497
2397
2232
2721
2705
2310
2438
2499
2671
2524
2438
2494
2408
2676
2652
2573
2365
2861
2823
3074
2356
2763
2526
2642
2513
2401
2751
2776
2658
2447
2815
2713
2622
2502
3090
2716
2586
2764
2616
2885
3143
2651
2961
3308
2633
2884
2584
2663
2848
3161
3053
2890
3011
2968
2645
2860
2904
2935
2892
2728
2934
2655
2927
3045
3000
3237
2962
2680
2868
3101
2735
2662
2620
3201
2994
2988
2989
3116
3352
2904
3036
3538
3291
3133
2885
2818
3179
3200
3142
3182
3112
2983
3182
2960
3325
3442
3282
3519
3491
2835
3009
3113
3448
3063
3265
3505
3485
3226
3424
3285
3374
3035
3018
3465
3234
3407
3327
3542
3205
3183
3197
3081
3537
3397
3250
3501
3225
3344
3210
3611
3182
3506
3435
3363
3289
3434
3528
3166
3487
3544
3398
3402
3587
3405
3617
3265
3546
3649
3527
3803
3516
3912
3255
3483
3826
3185
3466
3698
3536
3528
3408
3681
3774
3551
3519
3855
3297
3843
3632
3477
3331
3542
3617
3665
3750
3920
3301
3355
3525
3782
3808
3637
3985
3715
3811
3750
3588
3609
3498
3698
3889
4213
3468
3740
3747
3595
4075
3654
3788
3488
3829
4000
4114
3787
3572
3729
4039
3838
3748
3919
3834
3696
3987
3384
3830
3861
3960
3960
4065
4205
3724
3625
3802
3705
4068
3960
4002
3817
3812
3968
3983
3851
3650
3647
3959
3632
3997
3965
3862
3991
4101
4043
3834
3971
4085
4008
3839
4312
3884
4201
3838
3886
4137
3982
3960
3867
4258
4030
4112
3937
4410
3872
3890
4095
4086
3789
4286
3789
4165
3690
4402
3902
3961
4065
3923
4145
3913
3973
3865
3887
3659
3723
4145
4080
4181
3766
4123
3980
4028
3903
3805
4020
3844
3959
4146
3942
3819
3847
4164
3849
4033
3854
3954
3695
3729
3983
4017
3909
3885
4012
4110
3913
3964
3783
3572
4173
3861
4104
3927
4038
4167
3994
3689
4003
3796
3674
4203
3771
3981
3798
3772
4037
3831
3976
4206
4098
3715
3971
4135
4100
3910
4024
4122
3891
3913
4062
3957
3782
4087
3778
3868
3951
4201
3793
3959
4009
4048
4039
3948
3763
4017
4058
4445
3890
4034
4096
4020
4058
3711
4208
3669
3800
4194
3834
3942
3749
3920
3884
3949
3789
3810
3897
4199
3871
3914
3763
4004
4171
3646
3677
3751
3935
3814
3770
3938
3917
3669
3766
3874
3731
3812
3999
3792
3629
3770
3651
4309
3737
3895
3675
3865
3563
3774
3862
3876
3709
3802
3874
3677
3661
3950
3795
3850
3773
3924
3715
3586
3756
3478
3974
3708
3689
3906
3737
3824
3402
3964
4061
3785
3499
3718
3894
3825
3515
3995
3433
3584
3621
3672
3576
3718
3654
3523
4126
3572
4029
3674
3379
3654
3718
3578
3581
3927
3683
3508
3808
3622
3433
3552
3612
3638
3344
3729
3768
3371
3684
3689
3542
3629
3470
3745
3116
3415
3786
3755
3356
3764
3559
3300
3686
3257
3380
3374
3625
3514
3407
3215
3375
3516
3712
3259
3356
3356
3273
3363
3452
3461
3651
3349
3365
3427
3286
3069
3152
3167
3403
3310
3265
3008
3352
2924
3248
2992
3303
3377
3197
3094
3220
3111
3463
3462
3478
2745
3107
3599
3451
3094
3178
3289
3313
3017
3139
2917
3101
3144
3093
3050
3105
3237
3192
2819
3411
2977
3190
3051
3167
2953
3022
3002
3042
3119
2743
2867
3170
2959
2802
2939
2819
2845
3002
2783
2746
3005
2618
3001
2849
2872
2803
2985
3004
2646
2872
2828
2759
2572
2624
2960
2633
2898
2852
2466
2807
2763
2816
2865
2611
2552
2886
2656
2565
2954
2903
2584
2664
2321
2598
2712
2674
2340
2920
2495
2641
2971
2609
2632
2467
2394
2446
2484
2639
2531
2455
2713
2633
2489
2331
2668
2296
1867
2706
2436
2568
2257
2264
2430
2240
2781
2669
2497
2522
2483
2247
2369
2327
2340
2418
2469
2423
2245
2226
2248
2698
2279
2279
2063
2359
2579
2410
2271
2360
2265
2394
2127
2517
2196
2070
1863
2296
2139
2205
1991
2211
2006
2348
2226
1693
2210
2252
1639
2088
2155
1926
1742
2022
1941
1849
1897
2301
1690
1661
1661
2021
1798
1925
2059
1822
2160
2069
1857
1796
1610
1809
1672
1596
1794
2037
1982
1908
1375
1709
1542
2168
1873
1931
1590
1749
1553
1467
1686
1555
1683
1541
1375
1490
1548
1680
1423
1653
1756
2098
1701
1630
1740
1508
1739
1686
1731
1268
1713
1619
1564
1483
1432
1871
1332
1520
1473
1706
1483
1397
1584
1480
1334
1258
1499
1887
1256
1576
1184
1488
1656
1377
1457
1444
1482
1614
1282
1227
1280
1478
1401
1334
1416
1000
1542
1143
1428
1173
1440
1289
1331
1733
1616
1090
1289
1648
1126
949
1174
1188
1032
1209
1223
1140
944
1028
1305
1411
1369
1145
883
1448
1317
1389
1116
1186
1113
959
1117
1061
1206
1161
997
1198
1070
1001
940
873
903
1239
1198
736
1236
971
829
1029
1031
1139
934
1061
1194
810
1456
996
990
837
808
1068
892
1079
920
817
1088
952
748
1135
940
1314
922
1109
826
826
670
1004
895
943
845
687
794
1049
795
879
716
749
676
885
660
829
905
827
916
741
820
1068
607
607
937
745
1318
942
965
655
482
674
769
466
937
1362
842
981
524
766
658
766
647
473
780
606
765
511
681
876
536
788
717
607
758
666
695
662
694
859
525
668
816
714
428
689
613
482
821
781
829
690
405
470
404
723
395
596
614
578
737
572
403
510
612
521
719
633
454
539
585
684
426
518
828
537
721
567
537
696
620
419
521
575
718
644
425
530
927
577
564
447
668
603
411
502
570
637
560
667
840
489
568
519
535
756
629
545
825
361
381
511
438
492
494
661
578
384
762
527
462
484
418
452
600
576
615
472
388
614
472
762
509
506
702
537
487
326
530
661
404
368
437
763
348
495
510
448
889
652
345
429
337
469
432
522
357
508
531
404
376
405
558
734
407
490
548
574
468
459
577
314
154
226
233
268
250
291
189
271
207
256
361
382
168
226
219
299
330
187
247
237
206
222
412
306
317
254
305
122
335
326
265
374
320
329
293
256
367
346
244
389
296
312
229
369
365
333
275
343
221
310
223
389
301
339
244
222
379
371
201
404
346
306
192
213
287
304
275
364
389
419
223
327
406
369
263
427
301
370
256
313
385
270
275
206
313
275
274
307
328
275
365
335
303
363
335
471
352
395
247
387
414
223
411
298
320
422
272
414
504
411
350
533
250
512
383
358
422
435
329
340
439
368
306
315
480
478
405
403
365
266
277
338
374
258
324
281
329
345
416
565
310
699
360
359
289
368
400
460
540
450
443
403
410
334
365
467
293
499
486
369
373
459
458
438
531
477
462
386
647
462
693
423
483
484
451
387
444
451
461
531
410
781
420
508
468
405
596
489
536
650
498
658
557
567
602
480
600
596
576
438
545
439
528
769
473
475
640
461
542
482
596
772
613
515
402
602
523
623
530
547
606
655
712
731
878
691
574
649
561
660
672
600
732
613
670
826
651
612
583
534
712
582
751
698
707
730
831
791
831
634
659
839
766
742
693
728
679
684
836
831
983
800
703
819
807
694
754
885
787
854
678
812
750
829
836
729
983
983
863
777
694
764
775
885
839
693
957
816
892
919
982
918
864
843
920
931
784
854
860
894
879
1025
963
824
955
921
1155
937
976
841
991
1089
1042
868
1089
973
989
1025
1012
1077
958
1217
914
1029
1040
1092
1107
1206
895
1009
1126
978
912
1122
1078
1284
1013
1082
1042
1088
1066
1201
1068
1205
1137
949
1074
1171
1049
1133
1141
1151
1088
1139
1131
1158
1099
1140
967
1018
1154
1192
1135
1206
1131
1319
1252
1227
1318
1142
1108
1217
1120
1277
1142
1196
1353
1157
1292
1171
1221
1105
1281
1359
1549
1404
1394
1392
1206
1229
1424
1415
1494
1510
1376
1376
1330
1366
1406
1610
1282
1276
1279
1329
1386
1414
1458
1343
1356
1476
1318
1358
1436
1677
1344
1350
1504
1471
1454
1354
1463
1410
1393
1656
1580
1420
1416
1489
1686
1460
1411
1374
1458
1545
1505
1690
1344
1551
1602
1502
1585
1581
1389
1552
1640
1508
1541
1546
1536
1511
1504
1436
1497
1595
1527
1508
1589
1761
1662
1722
1512
1744
1632
1759
1676
1533
1629
1772
1596
1615
1489
1651
1547
1742
1681
1522
1427
1696
1761
1738
1796
1710
1633
1695
1674
1794
1727
1745
1619
1615
1779
1606
1839
1867
1840
1895
1592
1687
1499
1657
1663
1886
1834
1902
1926
1862
1854
1733
1826
1842
1742
1781
1570
1763
1697
1936
1802
1830
1908
1809
1917
1995
1856
1763
1845
1820
1826
1879
1862
1582
1877
1925
1901
2013
1836
1983
1715
1934
1949
1848
1940
1845
1959
1952
1947
1872
2054
1902
1881
2077
1676
1936
2077
1973
1775
1908
1984
2006
1780
1874
2199
2185
1868
2047
2121
2013
2082
1947
1865
1700
2005
1907
2095
2074
2188
2064
2170
1871
2096
2089
2169
1927
2030
1916
1987
1945
2112
2210
1875
2131
2158
2000
2184
1893
1877
1895
2087
2062
2178
2015
2115
2216
2249
1997
1853
2051
2000
2069
2135
2258
2088
2296
2251
2152
2214
1880
2192
2121
2034
2173
2055
2127
2099
1928
2029
2270
2069
2096
2186
2190
2162
2226
1996
2313
2103
2252
2138
2235
2244
2241
1884
2014
2022
2150
2275
2070
2208
2218
2302
2268
2122
2082
2122
2010
2101
2006
2222
2091
2281
2022
2158
2095
2244
2099
2232
2164
2154
2049
2124
2101
2130
2165
2361
1977
2123
2173
2165
2090
2233
2164
2244
2247
2224
2071
2084
2043
2180
2279
2168
2151
2186
2107
2114
2052
2287
2309
2142
2300
2167
2174
2284
2155
2359
2191
2146
1960
2146
2145
2198
2098
2194
2225
2037
2120
2083
2029
2132
2016
2003
2228
2281
2114
2139
2157
2115
2116
2263
2175
2300
2129
1968
2141
2174
2319
2069
1992
2129
2310
2226
2132
2123
2213
2458
2169
2321
2064
2410
2008
1997
2163
2035
2210
2119
2116
2101
2183
2147
1984
2158
2336
2193
2311
2207
2141
2176
2119
2024
2289
2085
2008
2162
2125
2047
2167
2315
2006
2200
2094
1988
2123
2124
2199
2029
2129
2053
2203
2170
2164
1844
2151
2266
1999
2081
2134
2197
2087
2087
2264
2096
1971
2253
2142
1814
2063
2009
2167
2087
2110
2159
1931
2158
2062
2055
1998
2053
2016
1906
1961
2027
2057
2278
2115
1932
1908
2013
2132
1981
2183
2097
2133
2037
2061
2024
2249
2062
2042
2053
1956
2015
2121
2150
1972
2072
2212
1994
2057
1988
2172
1982
1851
1965
2033
1925
1965
2109
2128
2122
1896
2190
2021
2011
1992
1905
2127
1969
1864
1997
1911
2114
1945
2027
2139
2056
2046
1989
1765
2023
1918
1820
1838
1709
1968
1966
1835
1868
1884
1898
1717
1845
1863
1930
1791
1881
1793
1857
2046
1826
2020
1934
1994
1983
1938
1875
1671
1949
1832
1831
1825
1846
1693
1816
1791
1845
1761
1862
1750
2037
1932
1588
1812
1953
1652
1784
1659
2020
1708
1756
1794
1823
1777
1890
1868
1672
1562
1706
1796
1532
1754
1602
1700
1681
1663
1602
1812
1703
1708
1640
1582
1647
1729
1559
1527
1853
1548
1703
1639
1621
1617
1817
1743
1892
1513
1510
1869
1476
1542
1547
1636
1452
1632
1499
1674
1594
1460
1565
1538
1521
1429
1434
1460
1546
1721
1388
1351
1486
1584
1494
1491
1333
1594
1268
1450
1517
1455
1444
1274
1553
1432
1371
1275
1599
1427
1366
1432
1408
1413
1487
1430
1492
1251
1413
1266
1270
1322
1523
1349
1357
1456
1492
1388
1265
1340
1242
1419
1281
1330
1247
1404
1266
1428
1285
1143
1412
1371
1219
1290
1248
1257
1134
1256
1192
1338
1264
1086
1234
1230
1266
1369
1156
1315
1234
1288
1242
1311
1279
1097
1308
1309
1115
1086
1057
1306
1142
1130
1380
1391
999
1085
1064
1090
1171
1336
1011
1019
1142
1060
1203
1104
1251
1162
1276
1102
1241
1094
910
1106
1033
1048
1232
1016
1112
1073
1013
874
1045
1040
869
1135
949
1200
1049
1016
1007
983
1091
966
934
1045
1084
854
958
913
989
887
1067
839
884
1200
885
893
938
899
773
813
792
934
873
887
1021
858
1045
1001
952
802
757
726
776
734
1069
1007
790
800
893
885
793
792
836
675
701
762
739
637
820
690
826
760
761
764
808
802
720
801
827
765
602
998
885
729
695
720
811
710
714
901
594
701
738
693
701
879
654
741
543
631
632
727
560
628
660
745
689
576
644
594
648
732
801
598
582
526
600
530
527
548
575
583
663
510
607
465
632
720
440
583
498
533
558
527
610
508
605
511
380
494
585
507
546
550
484
432
577
561
535
413
460
557
429
461
393
509
527
550
544
603
489
512
505
529
413
341
514
469
440
550
569
418
457
384
539
322
369
558
407
527
453
604
378
606
375
418
338
280
277
557
439
395
374
411
208
560
372
407
478
283
401
371
341
381
488
383
372
370
417
397
405
392
415
345
372
309
359
300
315
328
428
349
319
317
321
293
369
434
324
299
299
418
365
336
329
355
353
197
417
279
401
357
296
232
261
376
348
245
290
357
295
343
324
286
450
293
201
417
218
415
320
311
336
284
242
299
298
364
496
287
304
211
286
223
453
164
186
266
240
289
341
253
238
193
341
260
178
372
284
414
211
305
239
414
148
285
257
381
293
194
256
137
270
257
307
479
254
155
250
238
381
275
255
362
325
341
351
236
408
299
337
228
316
332
202
369
292
293
206
315
313
268
326
427
364
299
274
291
182
261
296
379
210
366
202
230
217
282
341
297
408
382
266
296
286
286
144
157
229
293
246
203
303
234
201
225
274
217
263
244
179
270
209
274
295
145
249
246
334
223
198
219
266
217
203
178
208
151
291
305
256
168
296
215
288
140
162
198
186
244
298
206
257
295
211
202
201
189
149
279
163
195
190
215
226
253
108
234
333
242
184
199
220
234
212
208
263
235
157
202
210
172
215
310
174
255
216
262
302
247
149
213
240
289
301
264
288
250
330
234
357
176
268
194
184
246
205
287
188
167
244
311
209
321
211
276
147
263
331
134
168
193
281
170
220
329
424
283
308
236
245
277
298
293
311
286
270
289
290
244
224
241
297
336
229
226
287
392
357
281
324
257
379
407
219
224
416
333
254
445
424
389
323
254
311
292
281
335
437
258
367
516
223
331
323
193
300
218
351
279
392
405
456
375
333
359
285
349
455
360
273
367
323
257
425
413
391
353
474
385
496
370
300
423
428
447
495
363
513
411
442
438
359
339
300
418
385
367
413
374
424
388
469
482
384
579
528
434
492
498
403
462
487
511
460
461
375
440
502
493
423
408
429
316
393
444
476
527
456
464
464
519
561
516
533
637
567
625
403
430
493
482
559
468
445
628
513
640
633
586
690
622
533
593
582
532
552
511
498
470
562
646
504
583
730
703
585
673
670
785
586
589
645
606
714
575
511
644
551
629
581
623
607
755
658
648
619
708
600
705
836
684
606
689
588
840
695
560
640
671
647
740
779
656
736
815
743
806
707
750
759
746
788
682
738
701
784
792
622
911
856
779
684
793
736
708
767
901
724
801
744
718
831
701
797
717
750
840
877
934
803
963
841
824
768
833
764
743
841
814
865
880
788
899
952
844
907
885
880
913
1000
956
879
968
843
806
938
871
799
880
924
817
998
898
859
857
972
883
956
962
1068
952
926
1058
832
882
974
912
823
943
933
1127
1036
995
1111
1128
999
983
1050
1027
944
1047
1052
957
1059
1050
1043
1063
1111
1044
1014
1158
1152
1046
951
1073
897
1017
1058
1116
1163
989
1071
1007
1069
1071
1170
1178
1110
1196
1143
1233
1167
1054
1259
1001
1146
1127
1173
1258
1188
1021
1015
1116
1329
1139
1181
1304
1217
1255
1100
1225
1127
1101
1326
1116
1264
1215
1241
1235
1217
1191
1227
1178
1234
1255
1255
1332
1212
1237
1222
1315
1273
1167
1308
1247
1273
1302
1323
1326
1168
1322
1252
1156
1258
1240
1277
1341
1218
1329
1382
1252
1216
1410
1285
1363
1400
1333
1472
1308
1219
1313
1210
1223
1283
1285
1282
1245
1336
1281
1289
1370
1446
1357
1353
1352
1226
1335
1217
1455
1478
1403
1378
1286
1458
1292
1386
1333
1324
1368
1353
1553
1324
1265
1351
1376
1359
1315
1485
1403
1409
1398
1373
1379
1435
1483
1503
1449
1389
1360
1528
1533
1466
1347
1472
1389
1402
1374
1445
1382
1339
1390
1310
1325
1239
1552
1407
1491
1522
1585
1561
1444
1643
1370
1553
1564
1493
1598
1436
1387
1411
1518
1579
1457
1600
1581
1498
1485
1422
1506
1515
1630
1528
1420
1536
1586
1430
1419
1521
1449
1376
1411
1433
1576
1412
1529
1573
1600
1645
1601
1548
1461
1473
1497
1609
1571
1558
1623
1587
1540
1543
1515
1483
1575
1601
1533
1602
1601
1453
1669
1605
1542
1523
1589
1512
1499
1612
1469
1464
1512
1535
1722
1594
1459
1611
1493
1619
1563
1623
1564
1607
1508
1559
1512
1578
1522
1493
1535
1643
1625
1538
1534
1506
1484
1472
1583
1501
1563
1566
1460
1539
1509
1496
1411
1678
1647
1435
1567
1535
1600
1510
1671
1608
1629
1638
1442
1600
1541
1518
1543
1597
1579
1537
1529
1576
1442
1548
1516
1567
1544
1661
1517
1495
1521
1660
1582
1632
1525
1592
1548
1534
1469
1661
1567
1483
1661
1344
1459
1644
1495
1578
1619
1523
1527
1481
1489
1560
1499
1471
1511
1634
1599
1652
1553
1584
1593
1394
1496
1470
1415
1344
1589
1561
1576
1583
1592
1559
1582
1530
1605
1572
1611
1462
1467
1467
1634
1502
1544
1425
1679
1475
1600
1586
1440
1519
1537
1507
1578
1514
1518
1627
1508
1484
1508
1640
1574
1633
1491
1582
1573
1722
1598
1503
1557
1431
1463
1557
1387
1627
1501
1606
1460
1572
1384
1427
1421
1429
1604
1470
1398
1405
1549
1482
1425
1390
1455
1429
1501
1484
1545
1502
1543
1470
1406
1601
1449
1453
1532
1510
1459
1500
1496
1617
1547
1591
1394
1472
1412
1430
1391
1421
1415
1491
1471
1364
1466
1438
1486
1521
1423
1416
1447
1483
1402
1455
1415
1474
1568
1369
1507
1330
1362
1466
1446
1284
1406
1467
1298
1230
1398
1213
1319
1379
1457
1258
1308
1397
1331
1420
1344
1332
1483
1288
1389
1358
1249
1390
1482
1384
1432
1420
1338
1359
1427
1291
1327
1342
1353
1462
1384
1221
1241
1382
1207
1325
1285
1375
1435
1300
1304
1284
1248
1321
1397
1254
1236
1252
1197
1219
1213
1239
1321
1210
1203
1321
1136
1133
1331
1200
1207
1317
1272
1404
1249
1211
1241
1278
1249
1259
1070
1264
1208
1184
1208
1304
1188
1167
1265
1166
1151
1259
1148
1133
1263
1192
1288
1252
1014
1005
1041
1013
1168
1198
1166
1098
1228
1294
1043
1058
1132
1060
1025
1210
1107
1052
1225
1309
1082
1172
1076
993
1127
995
1105
1075
1096
1137
1088
1050
1144
1191
1076
1081
1136
939
1023
956
978
901
980
1128
1087
895
1065
982
996
1060
961
1053
1107
966
1009
1130
954
972
1004
957
1052
972
1027
1037
965
932
1031
949
1045
920
920
984
847
965
941
944
870
906
957
853
896
848
803
897
904
865
868
892
840
922
1033
868
807
692
789
799
772
836
750
973
912
827
822
761
950
823
726
908
762
716
754
845
711
851
841
898
874
725
772
755
791
851
874
719
843
918
790
714
853
807
682
702
764
664
925
687
746
839
819
721
664
768
712
591
749
491
785
813
724
874
694
619
755
606
809
628
640
660
669
640
601
612
741
461
560
772
608
723
568
574
587
683
618
588
724
744
604
544
773
682
734
500
489
514
495
542
555
636
441
623
525
675
629
650
568
524
681
626
582
547
684
537
507
449
708
582
457
411
518
627
416
472
453
535
471
561
491
461
539
596
377
473
485
437
420
544
469
767
382
434
422
372
505
475
499
543
522
438
491
457
444
458
385
360
424
352
427
498
520
321
430
451
330
395
425
372
314
418
425
377
348
459
409
418
334
453
367
274
313
368
293
407
296
319
430
360
349
455
275
461
294
292
373
541
275
244
327
325
338
475
249
312
342
384
292
207
345
266
316
357
474
276
320
394
281
436
281
271
328
257
328
373
284
412
282
440
293
211
360
287
217
275
194
263
276
241
345
329
236
321
368
320
273
246
251
249
299
238
186
292
263
230
264
212
323
281
231
318
194
280
225
245
207
181
243
216
200
250
218
238
263
293
240
261
249
171
239
338
225
254
199
339
287
259
304
266
324
242
379
195
171
195
166
220
273
179
363
176
236
252
249
174
152
211
254
256
319
201
160
242
171
240
97
297
273
289
234
228
227
223
155
215
192
241
305
266
221
215
236
217
140
141
155
198
219
251
222
180
278
164
208
178
193
208
255
223
230
217
234
160
172
137
223
221
215
207
270
264
201
123
288
182
158
272
129
235
274
202
277
176
194
144
228
234
253
256
237
193
230
150
202
147
233
196
225
192
302
139
781
681
690
731
923
550
716
658
606
595
736
850
967
875
758
879
740
868
837
556
673
895
949
1003
806
568
827
1102
546
668
801
741
719
764
697
641
1287
477
684
625
841
1264
794
592
726
865
871
707
658
590
1207
734
947
744
693
801
793
730
681
974
916
740
741
836
685
993
905
670
851
1124
576
741
618
867
1147
922
876
1094
744
891
826
991
973
1020
630
1218
1018
1127
833
1097
929
786
651
803
691
873
786
816
1333
774
899
1159
879
853
976
1866
755
893
953
997
893
1232
1320
885
1146
777
945
982
657
1430
1446
1030
1303
1563
732
1301
1122
1083
798
1157
871
1092
970
1059
1324
1312
1243
1514
1302
949
816
1205
1065
941
754
943
1138
1221
897
1259
1455
1144
1160
997
1400
996
1445
1159
1339
1487
1238
1511
1056
942
1137
1224
1257
1337
1297
1101
1312
1248
1183
1124
1119
1563
1222
1307
1404
1307
1906
1306
1249
1305
1890
1389
1174
1257
1191
1459
1217
1771
1551
1573
1308
1805
1158
1671
1204
1649
1431
1490
962
1061
1747
1389
1629
1701
1515
2025
1300
1758
1262
1393
1793
1823
1758
1882
1675
1407
1407
1736
1576
1480
1573
1485
1758
1427
1495
1733
1905
1472
1551
1752
1641
1614
1748
1607
2001
2091
1648
1684
2203
1683
1695
2096
1554
1742
2321
2084
2433
1996
2318
1874
1828
1576
1994
1931
1723
2030
1790
2291
1961
1655
1757
2597
2465
2246
2189
2239
1927
1914
2353
1931
1781
2169
2262
2523
1971
2204
2164
1952
2286
2175
2688
2687
1958
2316
2366
2005
2305
2359
2125
2197
1911
2255
2766
2355
2170
2627
2614
2350
2302
2349
2371
2372
2268
2682
2630
2786
2426
2409
2324
2362
2545
2304
3302
2289
2568
2876
2698
2578
2482
2442
2583
3193
2461
2696
3075
2513
2828
2562
3183
2659
2840
2937
2513
3028
3524
2856
2471
2762
2526
3027
2652
2718
3045
2637
3332
3296
2906
2829
3382
3245
3490
2812
2979
2882
2617
2863
3146
3396
3233
2887
3225
2846
3033
3152
2874
3006
2839
3018
3112
3309
2881
2882
3040
3082
3198
2947
3386
3609
3448
3461
3405
3239
3513
3474
3516
3545
3434
3408
3775
3571
3504
3453
3223
4007
3251
3616
3594
3211
4093
3770
3720
4226
3858
3597
3614
3703
4132
4046
3657
3594
3929
3970
3344
3671
3744
3885
3750
4023
3480
3563
3314
4483
3857
3613
4026
4533
4280
3448
3790
3715
4300
3806
4723
4267
4440
4136
4018
3846
4469
4599
3800
4633
4249
3746
4288
4285
4379
4211
3905
3714
4504
4343
4217
3829
4345
3888
4321
4266
4467
4605
4473
4385
4797
4382
4245
4215
4495
4436
4892
4427
4423
4914
4242
4722
4506
4619
4333
4538
4123
4759
4494
4381
4309
4456
4589
4411
4342
4617
4693
4438
4942
4581
4673
4737
4631
4754
4801
4769
4941
4671
4807
4691
4669
5005
4654
4508
4468
4603
4662
4642
4430
5272
5189
4382
4528
4942
4996
4752
4660
5336
4775
4645
4659
4587
5041
5138
5054
4865
4667
5192
5186
5071
4783
4914
5305
5197
5245
5453
5395
5312
5183
5147
5150
5162
5173
5392
4621
5525
4922
5154
5007
4756
5040
5045
5126
5468
4925
5533
4887
4719
5572
4926
5148
5428
5495
5206
5605
6066
5665
5410
5444
5527
5342
5908
5404
5130
5556
5756
5094
5603
5034
4997
5303
5270
5129
4769
5522
5265
5493
5131
5423
5181
6067
6065
5216
5665
4771
5171
5408
5494
5710
5346
5393
5891
5689
5700
5596
5271
5570
5375
5414
5423
5843
5686
5540
5354
5810
6084
5985
5882
5900
5253
5485
5590
5398
5595
5764
5690
5776
5740
5893
5673
5725
5381
5696
5668
5263
5735
5135
5391
5719
6155
5673
5689
5935
5426
6151
5957
5872
5548
5663
6272
5924
5775
5841
5782
5511
5537
5955
5546
6194
5643
5334
5980
5901
5632
5481
5556
5832
5862
6241
6278
6193
5918
5579
5631
5846
5306
5627
5893
5781
6067
5977
5735
5725
6113
5734
6003
5867
5297
5598
5707
6106
5827
5703
5464
5626
5634
5736
5559
5858
5912
6406
5838
5864
5745
5794
5782
6144
6282
6145
5864
5422
5450
5612
5576
6111
6131
5126
5791
5537
6113
5756
5426
5513
5553
5962
5727
5529
6088
5660
5790
5618
5523
5862
5509
6033
5624
5292
5429
6087
6339
5789
6145
5621
5753
6121
5766
5163
5409
6086
5514
5833
6815
5667
5592
5822
5525
5934
5358
6149
5781
5531
5667
5613
6511
5823
5549
5945
5809
5588
5632
5584
5470
5916
5467
6044
5628
5820
5691
6265
5426
5904
5356
5736
5600
5567
6193
5226
5389
5402
5993
5487
5423
5560
5742
5833
5730
6117
6367
5510
6317
5424
5294
5251
5115
5586
5581
5830
5822
5037
6194
5716
5997
5495
5601
5248
4973
6114
5604
5563
5467
5368
5463
5578
4955
5274
5462
5497
5246
5115
5247
5383
5206
5682
5499
5468
5575
5661
4870
5288
5449
5743
5510
5830
5626
5153
5092
5103
5656
4874
5118
5557
5834
5159
5126
5699
5186
4939
5420
5511
4652
5073
5374
5386
5401
5024
4881
5703
5203
5293
5351
5216
5455
4891
5038
4980
4335
4754
4976
4775
5413
5007
5030
5518
4717
4854
5067
4650
4610
5120
5580
5043
4857
5429
5043
5123
5547
4487
4940
4663
4944
4654
5133
4696
4791
5182
5209
5177
4706
5110
4777
4809
4566
4713
4773
4726
5337
4611
4668
4317
5098
4625
4728
4608
4934
4201
4842
4672
4556
4355
4629
4461
4860
4474
4467
4475
4515
4739
4708
5499
4553
4365
4540
4159
4567
4569
4736
4238
4007
4544
4155
4554
4542
4279
4091
4312
4541
4487
4197
4469
4254
4220
3825
4049
4475
4122
4184
3826
3713
4369
4606
4283
4175
4408
4008
4281
4097
4505
3592
4056
3914
4769
4415
3876
3895
3950
4329
3997
3880
3860
3818
4223
3923
3798
3663
3952
3869
4047
4252
3640
4045
3778
4208
3732
3784
3461
4120
3664
3274
3650
3472
3387
3644
3884
3458
3419
3224
3348
3717
3747
3500
3281
3382
3332
3101
3554
3448
3341
3400
3377
3295
3264
3211
3663
3437
3294
3606
3561
3092
3643
3983
2835
3415
2977
2793
3155
2889
3395
3526
3312
3301
3676
3332
2853
2987
3357
2983
3489
3361
3483
2879
3161
3154
2768
2844
3196
3292
2923
3208
3707
2899
3280
2810
3323
3035
2964
2536
3030
2977
3040
2853
2562
2748
2735
2554
2804
2925
2661
2828
2538
2922
2672
2747
2805
2448
2476
2628
2895
2303
2888
3338
2566
2800
2299
2696
2452
2274
2694
2370
2790
2568
2561
2160
2581
2161
2598
2544
2394
2551
2563
2859
2442
2082
2257
2406
2263
2470
2155
1944
2042
1953
3249
2510
2501
2034
2249
2245
2639
1887
2765
2068
2015
1921
2028
2240
2220
1870
3117
1991
2112
1864
1764
2119
1948
2131
1984
2347
1540
1841
1899
2034
1749
1776
1921
1606
1715
2075
1723
1725
2173
1680
2076
1880
1888
1613
2208
2405
1895
1860
1485
1537
1365
1518
2176
1955
1423
2303
1760
1479
1526
1268
1990
1575
1446
2368
1682
1322
1149
1716
1381
1409
1425
1897
1490
1431
1602
1593
1578
1419
1855
1462
1974
1448
1480
1180
1363
1583
1373
1203
1451
1419
1484
1483
1145
1323
1469
1115
1079
1460
1785
1699
1277
1457
1155
1535
1351
1602
1079
1141
1213
1862
1201
1466
1154
1283
961
1268
1064
1028
1022
1696
1333
797
1322
1084
1190
1714
652
1483
935
957
1539
994
1353
1067
1010
1266
996
1174
934
1425
988
1100
1268
1053
971
990
1660
1298
952
1805
1144
983
1011
1208
949
1202
628
811
851
917
987
1039
1156
875
818
796
861
1142
1035
1178
1088
1067
947
876
1309
806
1212
1012
1295
1022
711
664
1253
753
1329
725
1359
1015
616
1081
869
1089
1087
807
884
817
1001
685
1111
679
1275
1091
1119
1263
1047
940
1080
993
937
874
970
740
605
1003
665
640
947
1073
980
781
787
828
536
761
1515
794
937
611
654
720
712
886
1128
927
881
1240
510
782
711
663
648
880
1044
436
668
724
995
563
527
1203
555
617
656
743
562
981
460
897
671
598
718
790
1156
910
785
501
716
722
1031
708
878
652
585
654
707
527
911
879
482
873
642
769
843
831
905
864
543
525
955
674
1035
1396
980
949
806
825
945
948
1020
603
793
935
999
559
563
633
423
631
1161
591
491
936
642
432
400
748
643
719
739
571
711
531
621
1214
699
716
1307
412
675
879
560
515
821
540
411
608
803
675
740
770
630
677
499
797
811
659
629
448
961
651
512
882
1130
759
666
974
521
536
813
591
1049
688
862
849
642
546
666
688
848
549
868
771
733
660
795
810
711
721
523
737
660
694
892
808
822
939
1073
833
742
893
609
996
600
640
673
805
702
1382
880
916
1012
1073
625
720
701
1110
1183
1107
974
928
852
904
817
793
637
695
485
1113
914
1038
762
498
912
668
1112
751
970
1111
877
1068
772
944
1265
761
1173
759
996
854
989
813
661
1244
1068
1044
1264
1058
918
1073
1383
1245
810
960
856
1012
1016
796
1282
1054
736
907
1244
619
780
1420
891
1071
1503
1549
1322
1120
1145
1287
861
1076
952
1252
1202
1315
1286
1188
1540
1110
1492
1415
920
1236
1109
1395
1197
1126
1461
1106
1437
1170
1103
1265
1628
1335
742
1391
1177
1171
1218
1114
1282
1188
1523
1554
1383
1256
1568
1141
1241
1461
1266
1540
1301
1612
1422
1439
1387
1497
1454
1339
1584
1340
1241
1312
1464
1513
1556
1596
1728
1583
1864
1987
1471
1382
1391
1649
1323
1757
1485
1461
1612
1563
1899
1748
1656
1166
1347
1714
1731
1458
1528
2137
1349
2022
1844
1620
1801
1549
1758
1684
2071
2586
1742
1609
1648
1435
1706
1917
1660
1845
2344
1668
1907
1873
1487
1637
1850
1988
2472
1680
2004
2148
1960
1827
1818
1908
2053
2072
2141
2107
2558
1744
2195
1923
1958
2329
1946
2072
1906
2187
1766
2060
2254
2400
2451
2436
2378
2137
2026
2137
2537
2465
2807
2348
2507
2091
2617
2568
1831
2215
2065
2589
1988
2601
2995
2611
2530
2767
2054
2094
2258
2064
2251
2114
2839
2749
2656
2418
3195
2880
2518
2503
2937
2976
2356
2490
2365
2810
2438
2855
2701
2756
2607
2576
3047
2809
2763
2260
2527
2562
2641
2570
2353
2816
2870
2640
2950
2648
2423
2914
2639
2710
2767
3062
3089
3396
2847
2769
2720
3093
2940
3207
2907
3107
3125
2738
2969
3007
3092
3385
3193
2733
2985
2875
2986
2958
3584
3053
3575
3683
3592
3402
3474
3141
3684
3637
3841
3158
3131
3435
3283
3193
3463
3241
3568
3641
3750
3630
3185
3811
3433
3909
3349
3576
3396
3045
3548
3692
3260
3199
3663
4043
3364
3504
3832
3636
3448
3800
3450
3745
3381
3607
3463
3742
3327
3346
4435
4100
3724
3731
4068
3555
3723
3746
3719
3600
3835
3624
3483
3954
4055
4075
3342
4004
4233
3496
3719
3592
3938
4186
3931
3900
4187
3706
3884
3676
3975
3498
4045
4104
3902
4127
4156
4163
4034
4042
3936
3932
4160
3946
4090
3466
4782
4124
4109
4092
4109
4407
3926
3894
4263
4281
4525
4335
4172
4228
4515
4435
4129
4636
4741
4294
4425
3911
4120
4273
4565
3930
4231
4145
4472
4328
4190
4368
4537
4204
4174
4583
4414
4227
4835
4319
3928
4883
4042
4246
4971
4488
4176
4361
4696
4354
4340
5096
4570
4965
4494
4175
5176
4232
4683
4554
4796
4703
4850
4855
4608
4369
4650
4952
4448
5193
5218
4641
4530
4397
4531
4305
4376
4367
4476
4935
4923
4656
4716
4833
4772
4567
4384
5003
4511
5404
5100
5358
4797
4858
4712
4987
4467
5196
4863
4621
4577
5041
4967
5458
5100
4706
4733
5075
5148
4672
4990
5359
5424
5214
4546
4493
4641
4733
5111
5198
4737
4935
5001
4800
5284
4689
5000
4749
4875
4635
4975
4928
5277
4683
4910
5335
4775
5089
4982
4912
5097
5404
5280
5066
4702
4929
5054
4806
4922
5175
5375
5128
5006
4782
5177
4988
4942
4943
5050
5230
5087
5136
5069
4738
4791
5619
4856
5096
5320
5048
5165
5184
4994
4993
5272
5494
4954
5342
5257
5108
5030
5194
5171
5141
5543
5152
5603
5561
5223
5326
5221
5201
5194
5142
5364
5114
5237
5295
5008
5446
4904
4899
5076
5301
5593
5248
5228
5174
5273
5193
5226
5266
5054
4844
5222
4788
5021
4906
5426
4938
5219
5347
5362
5268
5065
5423
5215
5223
5151
5425
5454
5262
5113
5449
5144
4947
5366
5180
5461
5242
5286
5299
5132
5000
4954
4931
5152
5106
5517
5011
5307
5155
4980
5372
5013
4821
5342
5004
5311
4942
5394
5283
4917
4887
4852
5175
4956
5020
4969
5010
4930
5120
4911
4950
5055
4947
5153
5138
5069
5384
5075
5143
5390
5155
5153
5036
5115
5207
4968
4787
5548
5728
5034
5373
4939
4724
5209
4726
4811
5345
5147
4930
4642
5051
5186
4928
4743
5146
4951
4660
4913
4947
4861
5139
4938
5190
5553
4737
5258
5108
5021
4684
4757
5195
4986
4770
4699
4862
5183
5160
4997
5059
5610
4466
4989
4631
4755
4628
4776
5056
4698
4725
4736
4669
4776
5207
4663
4830
4562
4612
4346
4550
4225
4665
4897
4936
4745
5318
4662
4725
4477
4470
4365
4786
4618
4417
4808
4421
4978
4834
5225
4861
4901
4977
4722
4717
4572
4749
4573
4433
4902
5085
4761
4615
4309
4889
4713
5203
4142
4473
4516
4678
4904
4487
4584
5024
4222
4483
4212
4489
4570
4481
4575
4574
4333
4438
4064
4219
4516
4522
4354
4446
4461
4492
4330
4318
4268
4770
3869
3592
4280
4023
3895
3980
4208
4336
4724
4247
4205
4155
3995
3839
4291
3803
4326
4065
4093
4011
4102
3901
4080
4123
4086
4526
4229
3792
4312
4049
4056
4181
4166
3789
3813
4127
4007
4252
4280
3949
3744
3985
3848
4321
3646
3745
3887
3981
3779
4212
3526
4060
4092
3731
3917
3784
4114
4082
3635
4214
3663
3427
3702
3466
4023
3594
3816
4300
4007
3721
3590
4006
3313
3848
3443
3838
3187
3693
3401
3299
3074
3604
3770
4018
3832
3343
3416
3714
3768
3687
3052
3369
3690
3361
3517
3283
3260
3294
3515
3392
3177
3338
3165
3047
3138
2991
3168
3379
3213
3031
3364
3514
3421
3044
3199
3076
3374
3113
3408
2791
3115
2925
3206
2716
3341
3376
3055
3579
3236
3092
3114
2517
3283
3054
3158
2995
2849
2699
2605
3058
2793
2685
3163
2861
2704
2696
2783
3685
2708
2930
2757
2709
2811
3111
2796
2924
2509
2645
2751
3227
2380
2934
3110
2700
2450
3119
2695
2361
2663
2378
2368
2700
2969
2776
2517
2377
2594
2520
2349
2432
2620
2549
2540
2765
2435
2422
2139
2785
2719
2544
2469
2129
2523
2379
2185
2346
2452
2035
2005
2021
2015
2195
2246
2122
2388
2482
2097
2460
2207
2283
2152
2031
2320
2499
2549
2027
2495
2435
1974
1799
2277
1623
2192
2240
2039
2204
2431
1814
2114
2081
2561
1890
2207
1969
2128
1807
1768
1735
1784
2226
2062
1900
1742
1676
1657
1633
2100
1900
1835
1662
1856
2279
2039
1573
1432
1633
1600
1415
1464
1887
1944
1906
1676
1869
1756
1600
1757
1485
2084
1740
1814
1541
1840
1442
1797
1894
1393
1238
1526
1508
1891
1360
1645
1799
1385
1431
1230
1655
1621
1280
816
1562
1586
1502
1575
1500
1389
1395
1277
1146
908
993
1327
1401
1126
1422
1575
1167
1988
1321
1400
1448
1432
1242
935
1499
1062
1573
1497
1161
1071
1868
1329
1171
1133
940
1447
1134
1043
742
1608
1285
1268
1013
1050
1637
1368
1518
907
1351
1103
996
1155
986
1300
908
1507
1035
1111
1160
1068
1281
980
842
1016
935
1001
1210
964
888
1118
1133
929
1251
927
951
1091
954
1243
1259
1020
968
729
981
724
1363
1192
946
1256
1086
1564
854
888
754
873
1425
1040
939
886
884
988
1170
728
1050
1185
1278
1102
1281
993
824
680
712
794
664
1130
1119
823
663
906
936
682
640
962
850
580
711
633
547
991
1039
982
448
969
526
428
719
753
688
718
712
1161
575
760
659
602
784
703
545
1425
801
1156
729
693
573
568
802
711
582
645
951
805
929
853
408
736
491
714
787
608
865
920
767
558
884
842
820
801
758
977
880
767
636
694
732
596
877
725
722
829
538
564
515
550
716
740
678
649
638
702
534
820
783
1326
826
549
711
584
1014
568
659
843
569
560
760
702
701
503
1002
626
653
817
955
513
597
502
633
646
567
743
823
652
763
635
673
969
682
508
438
610
752
537
835
560
1027
622
540
763
772
712
552
706
622
369
761
510
573
472
525
510
517
656
1043
428
905
515
518
819
650
692
427
359
395
973
628
941
606
760
746
855
425
659
556
496
853
471
850
736
749
605
560
832
453
546
764
611
629
821
601
800
662
1080
601
807
700
600
846
643
712
471
716
609
587
1339
510
436
850
650
533
1162
651
748
660
745
702
696
822
1312
775
596
914
703
597
692
791
690
604
1003
789
869
880
808
697
636
479
723
877
586
1104
907
698
709
743
836
768
560
645
1055
772
752
963
982
801
955
1128
808
813
787
916
912
1034
762
855
1038
713
1065
969
990
1257
915
1089
803
863
852
965
1104
1104
1280
1177
1093
969
679
1234
989
1121
928
1166
1075
1006
1142
828
944
1056
784
1213
1128
1064
809
1125
1223
784
970
1101
1086
1291
1074
1128
1153
1122
1274
1200
983
1371
989
920
1235
1479
1350
1212
1405
1002
1136
1009
1237
1347
1381
973
962
809
1258
1188
1580
1290
1081
1241
1017
1413
1167
1123
1433
1634
1504
1352
1843
1381
1052
1421
1384
1058
1315
1363
1168
1596
1284
1510
1175
1629
1557
1552
1069
1580
1643
1489
1943
1786
1322
1839
1441
1445
1593
1378
1192
1774
1909
1242
1186
1423
1582
1360
1724
1612
1711
1774
1538
1418
1968
1803
1674
1555
1537
1837
2326
1709
1564
1966
1704
1562
1718
1796
1664
2091
1549
2264
2018
2131
1911
1746
1955
1907
2094
1923
1552
2137
1774
2046
1905
2285
2018
1610
1958
2083
1809
1801
2099
1733
2068
1878
1981
1992
2520
2461
2230
2407
1900
2689
2451
1939
1729
2335
1890
2128
2030
1991
1854
1853
2643
2388
1998
2255
2012
2294
2164
2260
2524
2107
2199
2445
2632
2339
2480
2329
2243
2926
2632
2308
2489
2548
2676
2132
2775
2177
2168
2364
2316
2526
2946
2423
2807
2351
2538
3006
2576
2318
2762
2953
2547
2639
2770
2713
2668
2432
2758
2686
2949
2653
3059
2719
2462
2643
2492
2649
2788
2668
2713
2773
2755
2543
2785
3013
3101
3496
2644
2937
2834
3070
3212
3091
2874
2732
2908
3357
3200
3047
2908
2915
2697
3449
3018
3454
3064
2990
3100
3067
3244
3545
3236
3413
2784
3388
3479
3704
3330
2837
3083
3163
3646
3284
3218
2785
3534
3253
3296
3811
3560
3758
3540
3260
3258
3524
3584
3576
3715
3788
3608
3329
3409
3499
3631
3738
3082
3787
4024
3390
3309
3323
3527
3703
3616
3905
4003
3536
3742
3645
3718
3744
4097
4149
3706
3863
3661
3620
3843
3621
3566
4215
3670
3722
3836
3762
4240
3513
4072
4009
3912
3951
4050
3558
4036
4057
4381
4224
4121
4215
3845
4236
3933
4078
3829
4025
4158
4030
4438
4209
4057
4156
4629
3789
3984
4396
4283
4035
4270
3825
4328
3905
4153
4084
4044
4383
4078
3890
4352
3665
4210
4482
4098
4442
3999
4010
4112
4619
4074
4537
4714
4501
4346
4199
4787
4085
4116
4267
4425
4173
4417
4279
4323
4439
4581
4294
4578
4058
4604
4012
4366
4274
4398
4676
4568
4111
4908
4401
3918
4425
4170
4841
4621
4265
4596
4670
4287
4230
4445
4347
4657
4803
5000
4537
4933
4563
4621
4978
5193
4615
4807
4166
4911
4659
4640
4263
4657
4664
4700
4134
4204
4388
4526
4777
4622
4634
4769
4466
4777
5021
4956
4872
4515
4509
4540
4547
4423
4512
4676
4740
4523
4605
5670
5024
4648
4589
4767
4724
4917
4636
4759
5016
4571
5004
4798
5099
5221
4767
4878
4699
5373
5012
4950
4854
4987
4525
5190
5176
4948
4876
4871
5301
5316
4779
4874
4614
5040
4603
4861
4958
5338
5204
4690
4871
4941
5226
5086
5053
5148
4962
5111
5168
5117
4953
4926
5036
4716
5315
5228
4849
4630
5158
5136
5331
5213
4992
5512
4936
5123
4998
4984
4951
5362
5316
4692
5158
4680
5071
5285
5161
4833
4665
4921
4972
5382
4858
5066
4877
5220
5487
5497
5316
5239
4579
5112
4850
4828
5278
4823
4873
5069
5214
5126
5180
5062
5932
4833
5192
4944
5500
4567
4945
4408
4964
5004
5170
5501
4761
5275
5117
5519
4587
5267
5308
4874
4718
4950
5167
4931
5024
5278
4741
5254
5094
5076
5416
5413
4917
5047
4727
5292
5111
5228
4886
4956
4992
5399
4996
5593
5096
5242
4853
4891
4740
5490
4985
5035
5078
4896
4735
5066
4835
5262
5286
4815
5052
5515
4883
5475
5352
4964
5040
5325
5226
4769
5220
5176
5079
4994
4748
4677
5105
4769
5100
5041
5581
4529
4693
5042
4272
5132
4720
4811
4717
4686
4926
5117
4625
4967
4704
4551
4382
4810
5271
4498
4923
5030
5094
4953
5255
4520
4661
4913
5199
4861
4841
4449
4624
4531
5131
5450
4831
4868
4772
4661
4837
4953
4482
4578
4559
5324
4784
4819
4257
4966
5073
4585
4762
4676
4662
4627
4294
4962
4515
4746
4670
5053
4904
4851
4355
4440
4670
4595
4975
5057
4609
4778
4183
4491
4447
5116
4521
4275
4532
4765
4520
4743
4473
4673
4502
4338
4763
4427
5132
4286
4520
4216
4624
4641
4469
4149
4353
4730
4596
4341
4473
4217
4366
4257
4126
4878
4525
4520
4109
4565
4123
4310
3653
4682
4609
4764
4556
4650
4251
4224
4282
4418
4389
4165
3770
3743
3970
4151
4293
3920
4386
3877
4077
3855
4492
4185
4286
4396
4353
4068
4294
3969
4051
4168
4056
4433
4071
3972
3902
4110
4108
3901
3860
3960
4046
3945
4422
3587
3984
4122
3950
3884
3993
3830
3874
3628
3630
4022
4170
3571
3450
3717
4485
4105
3463
4170
3508
3313
3714
4010
4084
3717
3869
3789
4011
3817
3696
3697
4047
3812
3725
3258
3876
3318
3478
3440
3861
3581
3814
3109
3538
3015
3213
3467
3194
3104
3575
3601
3084
3051
3317
3155
3341
3608
3419
3513
3578
3105
3127
3234
3448
3714
3069
3134
3378
3555
3087
3512
2784
2981
3372
2888
3231
3559
2728
2966
3235
2711
3217
3033
3307
3156
3065
2984
2930
2873
3038
3389
2862
3146
3614
3072
2714
2867
2910
3079
3326
3152
2737
2763
3176
2727
2779
2796
2734
3323
2795
2812
2698
3173
2867
2964
3139
2522
2891
2704
2794
3030
2742
2961
2760
2671
2623
2622
2454
2744
2598
2588
2454
2941
2511
2601
2352
2072
2597
2423
2193
2427
2431
2280
2678
2698
2242
2507
2486
2485
2493
2152
2173
2267
2580
2252
2213
2655
2327
1990
2761
2355
2024
2887
2311
2134
2116
2209
1946
2357
1796
2148
2200
2256
1923
2299
2782
2350
2122
2462
2042
2206
2156
2231
1823
1836
2128
1879
2377
1841
2164
2013
2044
1761
1913
2135
1815
2059
2117
2523
2120
2433
2069
1847
1417
1717
1766
2216
2111
2188
1614
1603
2114
1574
1836
1834
1657
1670
1591
1980
1687
1915
1677
1915
1590
1514
1721
1533
1704
1241
1726
1738
1474
1824
1266
1518
1393
1480
1408
1311
1757
1452
1600
1620
1443
1377
1570
1456
1856
1431
1937
1736
1492
1191
1730
1355
1344
1578
1121
1427
1181
1076
1263
1172
1436
1188
1066
1264
1423
1146
1142
1537
1227
1433
1178
1654
1434
1404
1420
1224
1156
1349
928
1363
1198
1476
1308
987
1246
1440
1368
1383
1439
1127
1068
1574
930
1387
1063
1428
1198
1371
1053
1294
1175
960
1269
997
1348
1133
832
1132
1122
1224
1047
1134
912
992
964
903
856
948
973
788
990
1431
667
831
930
1260
940
1063
1126
739
813
768
1174
1074
750
1242
726
847
940
1009
1023
905
814
731
1242
953
740
751
942
808
630
668
878
755
806
932
865
750
742
732
838
885
629
852
960
488
1044
603
789
983
762
654
614
1132
756
499
885
942
666
687
1096
1097
872
698
703
685
674
1133
672
955
461
959
768
568
1092
574
1032
1136
433
674
629
711
827
888
1141
790
731
635
764
899
624
975
674
739
580
822
719
762
555
718
480
854
522
578
758
690
836
491
719
661
997
1065
559
817
761
729
557
855
422
635
663
704
667
617
669
479
500
671
984
537
543
782
995
439
485
540
798
765
912
535
578
613
851
792
758
1251
608
644
367
812
539
532
564
746
1126
779
568
648
602
1188
786
698
687
636
361
841
396
1166
791
462
655
466
815
842
1001
1211
940
979
944
826
867
893
1091
1339
838
991
1095
958
456
920
845
714
721
1098
830
700
676
702
438
1186
813
981
1132
510
554
641
895
773
752
1174
414
814
824
638
912
566
970
886
931
931
910
914
807
916
1006
746
599
659
531
688
788
521
937
921
1212
1003
1006
676
685
591
961
1128
1074
869
849
710
1195
844
962
764
949
782
978
905
1343
1132
717
546
950
779
1047
801
1014
1351
969
1189
1183
846
691
1015
834
1405
1217
1061
1271
1029
955
1211
1103
940
946
1057
1025
922
1047
963
968
853
1699
1079
1086
1210
1101
795
1220
1115
1564
1166
929
1380
1189
1351
893
944
849
1019
1094
1048
1003
891
1050
1190
1027
1362
1008
900
782
1168
1209
1782
1201
955
1461
1354
852
1096
1040
952
1137
1128
1102
782
1412
1164
1270
1275
1513
1295
1088
1281
1158
1228
1814
1105
1225
1147
1159
1651
1183
1894
1065
1249
1379
1377
1420
1369
1579
1608
1497
1088
1293
1350
1505
1508
1825
1570
1595
1442
1231
1329
1766
1486
1528
1831
1531
1557
1594
1722
1553
1594
1815
1666
1556
1782
1884
1524
1351
1466
1454
1642
1317
1919
1915
1676
2027
1413
1649
2151
2046
1553
1983
2042
2290
1430
1434
1915
1650
1712
1823
1357
2018
1856
2261
1718
2079
1982
2239
1738
1879
1936
1841
1932
1673
2078
2001
2454
2019
1736
2002
1981
2160
2597
1829
1824
2161
2094
1718
1998
2292
2292
2341
2195
2143
1785
1931
2022
2566
2629
2010
1974
2284
2312
2350
2356
2788
3154
2507
2688
2220
2187
2778
2598
2417
2429
2118
2218
2454
2297
2770
2183
2693
2172
2594
2307
2494
2654
2282
2702
2339
2469
2724
2954
2343
2695
2939
2305
2473
2828
2972
2545
2567
2487
2975
3556
2550
2697
2924
2617
2806
3147
2652
3096
3125
2844
3075
3211
3599
3179
2953
2643
2485
3109
2572
3153
3047
2615
2737
3676
3412
3204
3530
3772
2939
3188
2988
2992
3456
3122
3447
2802
3217
3096
3188
3351
3404
3341
3787
3524
3587
3154
3181
3294
3523
3707
3964
3705
3862
3971
4121
3381
3482
3345
3670
3569
3365
3433
3634
3932
3678
3494
3482
4060
4122
4247
3853
3787
4217
3260
3948
3580
3346
4297
3315
3824
4085
3719
4007
3696
3676
4523
3832
3411
3858
3832
3414
4013
3954
3869
4369
3839
3935
4056
4242
4564
4134
4115
3744
3963
3907
4558
4324
3859
3943
3476
3753
4251
3861
4392
4109
4381
4525
4108
3918
4246
4205
4461
3964
5164
4429
3990
4245
4746
4310
4472
4774
4296
4510
5033
4164
4233
4430
4851
5166
4655
5021
4022
4279
4601
4688
5106
4345
4622
4321
4572
4457
4760
4675
5023
5116
4584
4682
4342
4776
4762
5045
4716
4295
5106
4858
4457
4947
5127
4571
4809
4972
4457
5285
4873
4871
5189
4979
4569
4926
5013
4698
4808
5265
5204
5620
5049
5276
4803
4953
5064
4776
5535
4953
5546
5495
5319
4995
5678
5383
5545
5399
5401
4762
5018
5413
5556
5120
5746
5271
5210
5183
5302
5440
5553
5549
5443
5213
5650
4870
5359
4982
4826
5208
5924
4795
5364
6231
5164
5389
5103
5148
5237
5715
5807
5611
5472
5039
5303
5672
5642
6112
5497
5468
5185
5334
5369
5752
5672
5803
5844
5394
5469
5520
5468
6150
5963
5846
5943
5552
6142
6215
5438
5856
5362
6063
5425
5330
6214
5511
5904
6179
5740
5625
5818
5859
5986
5523
5745
6106
5609
5569
5696
6521
6175
5797
5678
5838
6033
6021
5790
5873
5752
5865
6440
5568
5926
6021
5375
6135
5670
6044
5789
5675
5948
6034
5682
6487
5611
5710
6214
5598
6520
6087
6299
6271
5905
6037
6066
6312
6016
5703
6004
6203
5970
5557
5954
6276
6104
5516
6421
6008
6061
6028
6201
6334
6352
6024
6097
5885
6058
6104
6148
5625
6047
5992
5700
6059
6269
6049
6488
6393
6116
6530
5843
6328
5725
5822
6144
6341
5802
5973
5992
6354
6277
6435
5975
5769
6711
5746
5948
6753
6235
6271
6388
6095
5998
6312
6367
6178
5843
6035
5954
6027
6461
5948
5835
6741
5993
6092
6468
5634
5815
5807
6074
6006
6020
6130
6336
6919
5827
6632
6411
5875
6137
6238
6692
5927
5975
5561
5639
6697
6047
6228
6272
5631
6796
6357
6276
6085
6111
5964
6373
6298
6180
6265
6683
6262
6446
6715
6491
6490
5684
6223
6600
6439
6117
5886
6007
5661
5815
5893
6511
6351
6238
6026
6502
5955
5431
5954
6392
6052
5853
6174
6439
6837
6359
6041
6167
5601
6264
5648
5977
6112
6479
6018
5827
5714
5914
6263
6052
5826
6106
6226
5857
5629
5588
6133
5783
6130
6226
5675
6265
5914
6309
6026
5972
5829
5984
5922
5992
5762
5885
6154
6202
5700
5725
6039
6257
5840
6196
5671
6346
5716
5977
5198
5904
5705
5833
6086
5992
6233
6202
5732
6005
5496
5122
5499
5537
6295
5560
6131
5255
5985
5766
6135
5555
5190
5541
5477
6009
5712
5475
5746
6161
5746
5634
5498
5665
5340
5191
6044
5553
6149
5382
5065
5967
5352
5432
5446
5332
5394
5340
6175
5272
5133
5726
5296
5420
6239
5049
5054
5398
5642
5191
4898
5166
5700
5178
5332
5524
4700
5144
4804
5212
5103
4799
5489
5343
4687
5236
5236
4905
5435
5366
5597
5538
5338
5116
5566
4996
5262
5222
5844
4936
4900
4938
5356
4903
5199
4770
5017
5147
5133
4663
5469
5012
4966
4969
5263
5339
5026
4780
4511
4763
5073
4820
4747
4681
4601
4944
4810
4679
4945
5526
5021
4578
5001
4420
4890
4570
4586
4508
4806
5145
4425
4757
3932
5150
4361
4780
4714
4098
4537
4348
4346
4767
4019
3887
4008
4379
4445
4605
4529
4514
4030
4022
4355
4144
4085
4711
4144
4396
4823
4409
4287
3838
4367
4679
4115
4018
3616
3756
4007
4556
4718
4047
3601
3704
4143
4456
4027
4237
3851
3754
4042
4332
4025
4301
4508
3717
4140
4001
4165
4480
4314
3541
3843
4001
4496
4194
3829
3656
3665
3654
3708
3680
3627
3573
3771
3674
4177
4416
3899
3742
3659
4142
3911
4353
3461
3370
3663
3602
3662
3330
3555
3438
3640
3576
3228
3237
3911
3260
3063
3272
3310
3095
2905
3720
3442
3808
2943
2989
2948
3548
3290
2851
3247
3421
3130
3119
3233
3432
3016
3096
3649
3223
3513
3322
2998
3162
3217
3089
2487
2972
3142
3024
2979
3286
2611
3198
3542
2363
2935
2984
3074
3119
2902
2589
2485
2668
2831
2939
2834
2884
2560
2702
2685
2514
2679
2749
2724
2670
3287
3061
2673
2978
2932
2473
2497
2269
2480
2469
2542
2600
2690
2205
2176
2215
3105
2469
2796
2247
2213
2513
2205
2218
2526
2492
2723
1993
2219
2373
2203
2350
2247
1814
2093
2309
1824
2150
2454
2190
2361
2105
2177
2045
1875
1753
2259
2211
2256
2199
1830
2300
2459
2050
2361
2150
2362
1552
1899
2104
2017
2289
2208
1829
1716
2351
1867
1643
1373
1806
2082
1794
1875
1932
2127
1985
1559
1802
1756
1826
2131
1602
1924
1647
1533
2652
1816
2000
1415
1959
1601
1726
2067
1741
1302
1894
1756
1321
1282
1322
1524
1462
1738
1797
1500
1535
1550
2071
1436
1618
1139
1640
1591
1343
1204
1548
1278
1421
1169
1054
1430
1242
1280
1425
1435
1255
1291
1103
1131
1647
1395
1122
1715
1256
1323
1808
1532
1405
1397
1664
1579
1255
1498
1496
1646
1080
1115
1214
1072
1110
1092
1224
1790
1003
1449
1313
1254
1246
1633
1201
1012
992
2175
766
1300
1205
1374
998
1173
1083
1071
1096
1128
872
1024
1536
1214
860
934
1623
846
999
751
1021
1134
872
922
1109
1102
902
875
1422
1011
682
879
1034
1315
731
1080
996
846
1044
1351
1057
1116
650
826
1200
858
1025
939
1068
781
775
955
835
1225
787
1009
1019
986
663
1353
1262
1229
1026
1085
663
751
521
1023
572
795
902
945
852
959
914
807
814
1136
688
868
634
703
597
1057
1076
543
1079
905
700
682
1098
973
807
957
909
1282
737
870
976
1100
1160
636
1278
854
1043
1119
628
879
675
1309
992
514
905
1246
1247
655
710
752
993
811
617
838
649
835
592
545
818
731
616
583
1271
637
808
652
806
742
585
651
506
572
736
886
746
550
723
751
736
852
628
716
944
665
632
720
721
711
491
607
579
1025
758
1250
790
1473
657
518
789
471
720
532
857
664
525
680
931
484
969
473
659
515
914
974
857
651
802
915
685
626
744
759
768
486
605
612
534
772
562
1216
759
931
575
412
733
660
544
623
594
702
624
768
1380
948
580
521
823
903
736
684
641
704
1170
757
758
1230
896
676
728
794
841
779
652
1047
705
777
708
1017
579
779
787
728
694
447
762
722
974
419
1019
1137
894
756
398
819
691
790
959
1070
730
898
840
852
941
1034
1007
892
832
651
923
765
1309
586
542
778
774
1208
858
1169
807
768
1277
919
891
791
1035
898
887
752
1086
908
910
851
898
867
1152
1308
821
1149
1246
1455
1055
916
710
1104
1096
926
744
998
879
1013
1114
1081
866
1416
914
537
1380
924
849
832
1742
1050
793
791
996
856
872
1092
870
1190
1059
967
1042
1312
1298
1028
1055
997
1107
1040
1299
1227
1406
866
1159
1306
1193
833
1406
1048
876
1256
1301
1353
1146
1209
1177
1154
1246
1293
1097
1396
961
933
1730
1081
1332
1685
1423
1282
1302
1448
1710
1063
1664
1357
1312
1420
1373
1434
1416
1553
1271
1401
1411
1027
1395
1538
1676
1579
1283
1598
1262
1393
1651
1375
1330
1174
1651
2070
1923
1313
1508
2174
2066
1544
1536
2242
1788
1899
1983
1590
1911
1365
1729
1771
1453
1812
1600
1719
1557
1504
1964
1619
1439
1743
1719
1902
1931
1976
1961
1922
2127
2207
1992
1690
2264
1673
2061
1628
1925
2320
1742
1978
2575
2093
1651
2283
1899
2479
1869
2162
2125
2042
2113
1851
1956
2176
2330
2080
2439
2118
2287
1931
1923
2095
2619
2248
2596
2195
1906
2555
2166
2357
2298
1888
2533
2357
2152
1903
2277
2436
2183
2492
2335
2222
2253
2796
2475
2748
2599
2312
2612
2210
2335
2474
2733
2341
2594
2673
2384
2314
2492
2537
2629
2828
2630
2605
2620
2594
3112
2440
2484
2650
3107
2924
2855
2830
2691
2965
2971
2819
2659
2329
2739
3098
3108
2566
3219
2765
3089
3556
2701
2711
2494
3281
2757
2649
3064
2879
3176
3052
3329
2728
3278
2894
3191
3273
2876
3294
3162
3043
3281
3395
3169
3211
3376
3286
3153
2872
3311
3300
3560
2973
3349
3100
3341
3435
3797
2993
3954
3322
3502
3517
3667
3562
3955
3354
3579
3339
3504
4437
3216
3368
3599
3364
3846
4032
3804
3965
3262
3741
3494
3591
3313
3799
3896
3708
3364
4171
3304
3797
3928
4070
3698
3478
3796
4153
3524
3598
3744
4084
3600
3763
3620
3677
4030
3636
3773
3631
4000
4076
4340
4260
3659
3833
3671
3647
4204
3803
4219
4030
3949
4088
4397
3924
3715
3389
4563
4410
3666
4226
4330
3967
4379
4148
4088
4049
4091
4366
4335
3780
4007
4929
3932
3993
4168
4112
4238
4131
4275
3907
4315
4227
4154
4149
4599
4186
4372
4527
4075
4297
4628
4209
3910
4601
4526
4310
4654
4776
4431
4855
4670
4390
4085
3996
4654
4298
4435
4871
4500
4837
4645
4599
4592
5023
4350
4717
4628
4568
4911
5047
4455
4995
5177
4631
4388
5054
5200
4495
4989
4443
4600
4546
4557
4417
5099
4362
4968
4968
4714
4651
4796
4648
4822
4875
4767
4656
4796
5180
5270
5423
4943
5041
5051
4377
5377
4956
5096
4622
4995
4678
4686
4992
5156
4738
4672
4720
4660
5119
4789
4925
4976
5167
4844
4872
5116
5359
5291
4753
5219
4930
5141
4924
4705
4753
4929
5186
5038
5615
5161
4943
4903
5144
5406
5032
5156
5163
4910
5427
5169
5235
5238
4767
5246
5185
5652
5301
5822
5151
4695
4933
5127
4959
5497
4611
5249
4904
5003
4922
5393
5297
5103
5151
5529
5505
5043
5357
5294
5255
5222
5095
5387
5674
5056
5188
5429
5073
5311
5133
5386
5303
5548
5446
5166
5203
5145
5144
5235
5253
5061
5439
5601
5237
5198
4971
5003
5493
5484
4765
5680
5226
5105
5128
5712
5745
4988
4823
5498
5870
5221
5669
5374
5495
5569
5085
5593
5164
5497
5335
5160
4751
5306
5635
4872
4965
4715
5120
5120
4881
5546
5318
5536
5595
5134
5006
5160
5597
5200
5032
5630
5272
5349
5153
4877
5651
4718
5376
5775
5231
5148
4923
5243
5323
4942
5280
5504
5893
5219
5470
5378
5289
5283
6023
5222
5259
5290
5530
5017
5538
5056
5119
5362
5241
4937
5242
5013
5476
5714
5373
5166
5413
5633
5120
5241
5673
5664
4631
5232
5188
5269
5130
5282
5083
4653
4709
5043
4941
4921
5225
5450
5207
5446
4827
5286
5548
5314
4862
5345
5207
5613
5249
4829
5050
4868
4926
4773
5036
4786
5300
5110
5657
5659
4879
5315
4953
5384
4934
5397
4811
5256
4587
5123
5520
5124
5177
5002
5035
4716
4955
5215
5076
5306
4685
4898
5280
5286
5364
4861
5126
5147
6148
